-,-,-
-6.103516, -25.634766, 996.093750
290.527344, -29.541016, 980.957031
168.945312, 23.437500, 1073.242188
202.636719, 172.851562, 1009.765625
136.718750, 195.312500, 1089.355469
-56.396484, 261.718750, 668.457031
-318.603516, 78.125000, 101.562500
-598.388672, -121.337891, 227.539062
-253.662109, 167.968750, 168.945312
-180.419922, 325.195312, 1128.417969
445.312500, 545.410156, 1302.734375
239.257812, 371.093750, 1579.101562
644.042969, 309.570312, 1551.757812
602.539062, 354.492188, 1403.320312
269.042969, 119.140625, 1419.921875
160.156250, -53.466797, 1302.246094
120.605469, 108.398438, 1406.250000
17.578125, 279.296875, 1876.464844
107.421875, 222.656250, 1732.421875
-47.119141, 246.582031, 1723.144531
36.132812, 230.468750, 1423.828125
203.613281, 250.976562, 813.964844
338.867188, 283.203125, 420.410156
481.445312, 195.312500, 73.242188
-,-,-
17.089844, 98.632812, 1066.894531
113.769531, 65.917969, 1213.867188
-31.494141, 131.835938, 867.187500
202.148438, 50.781250, 990.234375
-111.572266, 166.015625, 953.613281
-4.150391, 120.117188, 970.703125
-58.837891, 137.695312, 935.546875
-211.181641, 211.914062, 741.699219
-190.673828, 219.726562, 588.867188
-552.978516, 301.269531, 313.476562
-234.130859, 103.515625, 267.578125
-219.482422, 58.593750, 313.476562
374.511719, 371.093750, 1071.289062
284.667969, 465.820312, 1454.101562
423.828125, 173.828125, 1599.609375
392.578125, 311.523438, 1403.320312
799.804688, 453.613281, 1333.007812
587.402344, 214.355469, 1528.320312
600.585938, 132.812500, 1404.296875
194.335938, 231.445312, 1592.285156
188.964844, 84.960938, 1666.992188
115.722656, 171.875000, 1569.824219
-46.630859, 73.242188, 1661.132812
67.871094, 266.601562, 1278.320312
63.964844, 196.289062, 948.242188
448.242188, 320.312500, 203.125000
260.253906, 202.148438, 211.914062
467.773438, 142.578125, 172.363281
-,-,-
298.339844, 172.851562, 866.210938
-73.974609, -334.228516, 859.375000
38.085938, 105.468750, 813.476562
-136.962891, 69.824219, 497.070312
-276.611328, -200.927734, 138.671875
-253.173828, -30.517578, 310.058594
-183.349609, 178.710938, 929.687500
-62.744141, 334.960938, 1003.417969
69.824219, 309.570312, 1386.718750
275.390625, 409.179688, 1660.156250
301.269531, 181.152344, 1590.332031
244.140625, 106.445312, 1426.757812
182.617188, 24.414062, 1302.246094
133.300781, 102.539062, 1231.445312
164.550781, 92.773438, 1020.996094
71.777344, 79.101562, 1020.019531
106.445312, 146.484375, 1317.382812
-41.748047, 30.273438, 1548.339844
25.878906, 158.203125, 1840.820312
58.593750, 92.285156, 1607.421875
25.878906, 216.796875, 1744.628906
141.601562, 284.179688, 1149.902344
135.742188, 21.484375, 311.523438
282.226562, 305.664062, -20.263672
337.890625, 114.257812, -168.701172
-,-,-
-64.697266, -363.525391, 1130.859375
-16.357422, -127.685547, 908.691406
46.386719, -74.951172, 1019.531250
10.253906, -189.208984, 1023.925781
60.546875, -91.552734, 899.414062
53.710938, -116.455078, 873.046875
13.671875, -45.654297, 783.691406
-108.642578, 93.750000, 792.480469
-269.775391, 135.742188, 522.949219
-424.560547, 43.945312, 145.507812
-393.798828, -80.810547, 57.617188
-238.525391, 22.460938, 541.503906
258.789062, 315.429688, 1826.171875
536.132812, 314.453125, 1701.660156
533.691406, 172.851562, 1957.519531
332.519531, -144.287109, 1608.398438
165.527344, -123.779297, 1400.390625
76.660156, -23.193359, 1432.617188
25.878906, 31.738281, 1314.453125
-181.884766, -190.185547, 1634.277344
145.996094, 250.000000, 1604.492188
55.175781, 98.632812, 1452.148438
270.507812, 403.320312, 1707.031250
294.921875, 199.218750, 608.886719
393.066406, 468.750000, 951.660156
287.597656, 522.460938, 170.410156
103.027344, -100.341797, -255.615234
-,-,-
-104.248047, -415.771484, 1135.742188
-34.912109, -5.615234, 901.367188
20.507812, 15.625000, 1055.664062
-60.302734, -175.537109, 965.820312
-46.630859, -30.517578, 981.933594
-123.291016, -94.482422, 832.031250
-166.748047, 17.578125, 774.414062
-227.294922, 58.105469, 658.691406
-405.029297, -138.427734, 105.957031
-413.330078, 66.406250, 575.195312
-414.306641, 56.640625, 562.988281
-150.634766, 303.222656, 719.238281
248.535156, 417.968750, 1805.175781
322.265625, 307.128906, 1705.078125
470.703125, 351.562500, 1721.191406
199.707031, 41.992188, 1389.160156
48.828125, -125.732422, 1032.226562
37.109375, -139.404297, 1284.667969
13.183594, -57.861328, 1622.070312
-12.939453, 120.605469, 1436.035156
30.761719, 128.906250, 1724.121094
55.175781, 126.953125, 1461.425781
-10.009766, 136.718750, 1392.089844
-13.916016, 192.382812, 1337.890625
-105.224609, -41.748047, 801.757812
254.394531, 382.812500, 582.031250
325.195312, 301.269531, 205.078125
287.109375, 159.179688, 196.289062
-,-,-
30.273438, -86.669922, 776.367188
40.039062, -209.228516, 894.042969
-25.146484, -96.435547, 970.703125
-52.978516, -58.349609, 945.312500
-156.982422, -142.333984, 793.945312
-190.185547, -130.615234, 764.160156
-273.193359, -130.615234, 734.375000
-285.400391, 85.449219, 674.316406
-360.107422, 52.734375, 25.390625
-515.869141, -50.537109, -28.076172
-352.783203, 109.375000, 560.546875
-95.947266, 382.812500, 1544.433594
524.902344, 541.015625, 1999.755859
676.269531, 523.437500, 1613.769531
266.113281, 13.671875, 1505.859375
7.324219, -281.005859, 1140.625000
35.156250, 8.789062, 1248.046875
108.886719, 70.312500, 1414.062500
43.945312, 71.289062, 1362.304688
-28.076172, 81.054688, 1487.304688
-144.287109, -90.576172, 1503.417969
-227.294922, 46.875000, 1710.937500
-138.427734, -103.271484, 1232.421875
241.699219, 328.125000, 1272.460938
432.128906, 486.328125, 1015.625000
478.027344, 320.312500, 562.988281
405.273438, 152.832031, 115.234375
135.742188, -278.076172, -125.732422
-,-,-
-64.697266, -267.333984, 1132.324219
-45.166016, -81.787109, 969.726562
3.417969, -53.466797, 1038.085938
-63.720703, -111.083984, 822.265625
-91.064453, -117.431641, 714.843750
-135.009766, -7.568359, 710.937500
-197.021484, 45.898438, 599.609375
-220.947266, 79.101562, 582.031250
-95.947266, 244.140625, 659.179688
-85.693359, 81.054688, 689.453125
-84.716797, 100.585938, 1189.941406
174.804688, 71.289062, 1314.453125
377.929688, 291.992188, 1249.023438
601.562500, 323.242188, 1536.132812
352.050781, 20.507812, 1353.027344
260.742188, 34.667969, 1461.425781
219.238281, 87.402344, 1462.402344
132.812500, 98.632812, 1399.414062
120.605469, 95.214844, 1479.980469
41.503906, 33.203125, 1506.835938
75.683594, 71.289062, 1433.593750
80.566406, 184.082031, 1271.972656
141.601562, 72.265625, 903.320312
129.394531, 146.484375, 928.710938
254.394531, 193.359375, 492.187500
459.960938, 243.652344, 451.171875
433.105469, 244.628906, 457.519531
-,-,-
31.738281, -142.333984, 974.609375
-20.751953, -212.158203, 816.406250
20.019531, -90.087891, 850.585938
-45.166016, -241.455078, 793.945312
2.929688, -38.818359, 896.484375
-91.064453, -83.740234, 769.531250
-294.189453, -60.791016, 661.132812
-390.869141, 3.906250, 514.648438
-296.142578, 106.445312, 314.453125
-188.720703, 129.882812, 231.445312
-41.748047, 180.664062, 564.941406
200.195312, 398.437500, 1473.632812
366.699219, 410.156250, 1622.070312
336.425781, 233.398438, 1532.226562
70.800781, 18.066406, 1999.755859
68.847656, -355.712891, 1251.953125
171.875000, -51.513672, 1406.250000
22.460938, 11.718750, 1637.695312
-8.544922, 154.785156, 1502.441406
34.179688, 155.273438, 1402.343750
56.640625, 212.402344, 1219.238281
60.058594, 33.203125, 1070.800781
145.019531, 192.382812, 859.375000
234.375000, 226.562500, 632.324219
227.539062, 163.085938, 508.789062
265.625000, 151.855469, 216.308594
238.281250, 40.039062, 480.957031
233.886719, -40.771484, 528.320312
-,-,-
-21.240234, -374.755859, 1121.093750
76.660156, -102.294922, 898.437500
107.910156, -61.767578, 1049.804688
-14.892578, -193.115234, 930.664062
29.785156, -30.029297, 831.542969
-107.666016, 9.765625, 601.562500
-239.013672, 195.312500, 527.343750
-281.005859, 48.828125, 369.628906
-311.279297, -259.521484, 286.621094
-186.279297, 11.718750, 935.058594
252.929688, 394.042969, 1391.601562
421.386719, 528.320312, 1481.933594
406.250000, 332.519531, 1568.847656
330.566406, 182.128906, 1281.250000
187.500000, -93.017578, 1286.621094
238.769531, 28.320312, 1455.078125
184.082031, 30.761719, 1377.929688
131.835938, 108.398438, 1633.300781
31.250000, 70.312500, 1666.015625
71.289062, 36.132812, 1229.492188
91.796875, 118.164062, 1403.320312
171.386719, 167.968750, 1056.640625
265.625000, 215.332031, 824.218750
361.328125, 322.265625, 560.546875
366.699219, 125.976562, 346.191406
292.480469, 155.273438, 180.664062
-,-,-
-114.501953, -385.498047, 1030.273438
64.941406, 36.132812, 1030.273438
66.894531, -28.076172, 972.656250
38.085938, -76.904297, 961.914062
74.218750, 23.437500, 847.167969
-41.748047, -63.232422, 841.796875
-112.060547, 58.593750, 854.492188
-177.978516, 113.281250, 567.871094
-365.966797, -136.474609, 110.839844
-218.994141, 76.171875, 258.300781
-209.716797, 193.359375, 758.789062
-50.537109, 131.835938, 1123.535156
0.488281, 134.765625, 1818.359375
195.312500, 235.351562, 1825.195312
61.523438, -29.052734, 1695.800781
116.210938, -83.740234, 1511.718750
41.015625, -2.685547, 1514.648438
32.714844, 6.835938, 1824.218750
-37.353516, 34.179688, 1456.542969
-91.552734, 10.742188, 1473.632812
-197.509766, -79.833984, 1534.179688
-156.982422, -3.662109, 1220.214844
-25.634766, 184.570312, 1076.171875
243.164062, 324.218750, 380.859375
325.683594, 211.425781, 48.828125
-,-,-
33.203125, 121.582031, 1157.714844
-162.841797, -201.904297, 1001.464844
133.300781, 179.199219, 1221.191406
-54.931641, -147.216797, 906.250000
29.785156, 17.578125, 940.429688
-72.998047, -78.857422, 824.218750
-163.818359, 20.507812, 754.882812
-242.431641, 134.765625, 446.289062
-296.630859, 73.242188, -7.568359
-389.404297, 177.734375, 419.433594
-336.669922, 339.843750, 823.242188
-176.513672, 196.289062, 1117.675781
-0.732422, 213.378906, 1964.843750
154.296875, 92.773438, 1366.699219
98.632812, -15.380859, 1498.046875
41.992188, 158.203125, 1562.500000
-7.080078, 143.554688, 1495.117188
-121.337891, 125.976562, 1707.031250
-82.763672, 150.878906, 1481.933594
-60.791016, 190.429688, 1621.093750
-38.330078, 258.789062, 1275.390625
-87.158203, 166.992188, 1164.062500
-10.498047, 150.390625, 692.382812
134.277344, 247.070312, 205.078125
-,-,-
-228.759766, -280.517578, 1007.812500
-89.111328, -92.529297, 1005.859375
-145.751953, -198.974609, 920.898438
-46.630859, 7.812500, 924.804688
-84.228516, -73.974609, 897.949219
-124.755859, -14.404297, 787.597656
-155.517578, 29.296875, 609.863281
-203.369141, 87.890625, 367.187500
-219.482422, 186.523438, 122.070312
-417.724609, 220.703125, 493.164062
-432.861328, -36.865234, 786.132812
-243.408203, -152.587891, 1246.582031
-69.580078, 454.589844, 1800.781250
456.054688, 410.156250, 1816.894531
255.859375, 250.000000, 1506.835938
-49.560547, 290.039062, 1630.859375
-45.166016, -26.123047, 1181.152344
-185.791016, 29.296875, 1612.792969
-339.599609, -54.443359, 1468.750000
-297.607422, -2.197266, 1510.742188
-156.982422, 178.222656, 1354.003906
-124.755859, 150.390625, 1112.792969
131.347656, 272.949219, 904.296875
175.781250, 180.175781, 488.281250
-,-,-
75.683594, 82.031250, 886.718750
-51.513672, -207.763672, 1005.859375
-67.138672, -58.837891, 919.921875
-108.642578, -23.193359, 833.984375
-158.935547, -36.865234, 859.375000
-269.775391, -28.564453, 451.171875
-257.080078, -21.240234, 340.820312
-142.333984, 141.601562, 138.671875
-297.607422, 135.742188, 313.476562
-303.955078, 292.968750, 1426.757812
-162.353516, 193.359375, 1439.941406
169.433594, 397.460938, 1578.125000
311.035156, 212.402344, 1612.792969
-52.001953, -89.111328, 1999.755859
257.812500, -84.716797, 1145.507812
93.261719, -0.244141, 1235.351562
-31.494141, 88.378906, 1304.687500
-45.654297, 66.406250, 1498.046875
-49.560547, 191.406250, 1552.734375
-10.498047, 122.070312, 1239.746094
-9.521484, 132.812500, 1140.625000
73.242188, 172.851562, 904.296875
91.796875, 40.039062, 484.375000
275.390625, 244.140625, 366.210938
361.816406, 119.628906, 203.125000
288.574219, 77.148438, 600.585938
-,-,-
188.476562, -12.451172, 982.910156
96.679688, -214.599609, 931.640625
136.230469, -52.490234, 860.351562
139.160156, -52.490234, 841.796875
73.242188, -111.083984, 814.453125
69.824219, -39.794922, 812.500000
-54.931641, -201.904297, 675.292969
-48.583984, 43.945312, 578.125000
-177.978516, 42.968750, 255.859375
-377.197266, -132.568359, 12.695312
-354.248047, 227.539062, 712.402344
51.269531, 655.273438, 1298.828125
177.246094, 373.046875, 1542.968750
375.488281, 666.503906, 1984.863281
161.132812, -227.294922, 1225.097656
180.664062, 215.332031, 1970.214844
110.351562, -6.591797, 1671.386719
-69.580078, -90.087891, 1416.503906
-50.048828, 76.171875, 1370.117188
21.484375, -13.427734, 1345.703125
109.375000, 241.210938, 1592.285156
270.507812, 169.921875, 1289.062500
219.726562, 374.023438, 1847.656250
117.187500, 176.757812, 585.449219
282.226562, 102.539062, 313.476562
-,-,-
222.167969, -90.576172, 788.085938
138.671875, -107.177734, 723.632812
189.941406, 4.882812, 872.558594
148.925781, -43.701172, 884.765625
116.210938, 7.812500, 967.773438
100.097656, -1.220703, 875.976562
-26.611328, -17.333984, 825.683594
-66.162109, 189.453125, 687.500000
-196.044922, 74.218750, 448.242188
-195.556641, 40.039062, 319.335938
-137.939453, 2.929688, 662.109375
68.359375, 217.773438, 1091.308594
366.210938, 246.093750, 1565.917969
560.058594, 494.140625, 1731.445312
454.101562, 342.773438, 1655.273438
346.679688, 117.187500, 1428.710938
231.445312, -33.935547, 1442.871094
188.476562, 103.515625, 1729.492188
117.187500, 3.417969, 1601.562500
169.433594, 89.355469, 1480.957031
214.355469, 215.820312, 1342.773438
217.285156, 100.585938, 1106.933594
182.617188, 174.804688, 597.656250
-,-,-
-153.564453, -391.845703, 1204.589844
15.625000, 49.804688, 1039.062500
-27.587891, -143.310547, 979.980469
96.679688, -5.615234, 985.351562
68.847656, -0.244141, 961.914062
-1.220703, -97.412109, 932.617188
27.343750, -20.263672, 894.042969
-67.138672, -86.669922, 668.457031
-94.970703, 23.437500, 622.070312
-178.955078, 62.988281, 343.750000
-335.205078, -79.833984, 287.109375
-291.259766, 35.156250, 718.261719
-24.169922, 352.539062, 1141.601562
255.859375, 450.683594, 1637.695312
277.343750, 89.355469, 1583.984375
411.132812, 214.843750, 1410.156250
324.218750, 129.882812, 1011.718750
312.988281, 165.039062, 1180.664062
342.285156, 245.605469, 1354.980469
193.847656, 188.476562, 1446.289062
205.566406, 291.992188, 1620.117188
-67.138672, 88.867188, 1557.617188
20.019531, 197.265625, 1632.324219
-226.318359, 15.625000, 1895.996094
-122.314453, 4.394531, 1241.699219
412.597656, 356.445312, 100.585938
787.109375, 618.164062, 353.515625
832.031250, 619.140625, 368.652344
609.375000, 203.125000, 142.578125
-,-,-
278.808594, 90.332031, 1125.000000
147.949219, -87.158203, 812.988281
269.531250, 115.234375, 1009.765625
130.371094, -12.451172, 833.984375
80.078125, -9.521484, 822.265625
188.476562, 34.667969, 1233.398438
-16.357422, 0.488281, 871.582031
-102.294922, 41.992188, 859.375000
-160.888672, -5.615234, 640.625000
-229.736328, 15.625000, 367.187500
-193.603516, 151.855469, 384.765625
-81.787109, 123.046875, 635.742188
-165.283203, 221.679688, 1099.609375
91.796875, 363.769531, 1964.843750
257.812500, 294.921875, 1503.417969
279.785156, 0.488281, 1254.882812
232.421875, -42.724609, 1349.121094
152.832031, -28.564453, 1377.441406
164.550781, 77.148438, 1515.625000
128.417969, 125.000000, 1468.750000
162.109375, 145.507812, 1655.761719
112.304688, 129.882812, 1603.515625
-21.240234, -64.208984, 1345.703125
-37.841797, 7.812500, 975.097656
145.996094, 175.781250, 368.652344
186.035156, 132.812500, 698.730469
-,-,-
125.000000, 70.312500, 1079.101562
47.851562, 19.531250, 1008.789062
-90.576172, -234.130859, 871.582031
-14.892578, 5.859375, 1031.250000
-130.615234, -222.412109, 920.898438
-116.943359, -126.708984, 875.000000
-134.033203, -63.232422, 802.734375
-242.431641, -47.607422, 551.757812
-211.181641, 76.171875, 533.203125
-271.240234, 29.785156, -8.544922
-109.130859, 147.460938, 117.187500
-14.892578, 285.156250, 899.902344
-73.974609, 118.164062, 1990.722656
106.933594, 166.992188, 1893.066406
185.546875, 27.343750, 1482.910156
383.300781, 356.445312, 1663.085938
189.453125, -289.794922, 1377.929688
37.597656, -5.615234, 1461.425781
-181.396484, -2.685547, 1515.625000
-86.669922, 100.585938, 1433.105469
-102.783203, 61.035156, 1502.441406
-56.884766, 98.632812, 1269.531250
-83.740234, 7.812500, 879.394531
110.839844, 71.289062, 868.164062
144.042969, 108.398438, 579.101562
-,-,-
215.820312, 242.675781, 820.312500
131.835938, -190.185547, 915.527344
79.101562, -131.591797, 842.773438
41.015625, -95.458984, 871.582031
-73.974609, -198.974609, 791.015625
-93.505859, -23.193359, 750.976562
-247.314453, -90.087891, 729.492188
-361.083984, -10.498047, 569.335938
-299.072266, 171.875000, 154.785156
-221.923828, 195.312500, 166.015625
-113.037109, 208.984375, 700.683594
75.683594, 207.031250, 1737.792969
352.050781, 238.281250, 1999.755859
281.738281, 38.085938, 1598.632812
334.472656, 103.515625, 1819.335938
224.609375, 120.605469, 1184.570312
2.929688, 2.441406, 1300.781250
-196.533203, -56.884766, 1506.835938
-111.083984, -23.193359, 1323.730469
62.011719, 99.609375, 1324.218750
298.339844, 320.312500, 1213.867188
438.964844, 291.992188, 1284.667969
-,-,-
57.617188, -159.912109, 1038.085938
140.136719, 23.437500, 1034.179688
14.648438, -196.044922, 912.597656
56.152344, -10.498047, 863.281250
63.476562, -57.861328, 748.046875
57.128906, -70.068359, 693.359375
30.761719, -1.708984, 644.531250
-93.994141, 91.796875, 739.746094
-278.076172, 128.906250, 556.640625
-258.544922, 269.531250, 442.382812
-81.787109, 236.328125, 458.984375
149.902344, 403.320312, 1433.105469
291.015625, 236.328125, 1666.015625
320.800781, 136.718750, 1617.187500
280.761719, 94.726562, 1436.035156
231.445312, 108.398438, 1400.390625
249.023438, 237.304688, 1452.148438
150.390625, 199.218750, 1489.257812
69.824219, 182.617188, 1489.257812
132.812500, 214.843750, 1507.812500
123.535156, 194.335938, 1426.757812
147.460938, 209.472656, 1254.882812
85.937500, 16.601562, 662.109375
198.242188, 120.605469, 473.632812
166.992188, -114.013672, -49.072266
435.546875, 215.332031, 135.742188
-,-,-
338.867188, 40.039062, 1141.601562
202.636719, -90.087891, 861.328125
357.910156, 140.625000, 961.425781
114.257812, -192.138672, 744.140625
125.488281, 120.117188, 840.820312
-4.638672, -5.615234, 926.757812
-107.177734, -1.220703, 858.398438
-172.607422, 66.406250, 585.449219
-270.263672, -50.537109, 347.167969
-153.076172, 149.414062, 899.414062
-131.591797, 241.699219, 776.367188
90.820312, 274.414062, 1242.675781
319.824219, 385.742188, 1009.765625
313.964844, 279.296875, 1275.390625
303.222656, 306.640625, 1324.218750
-220.947266, 461.914062, 1854.492188
250.000000, 132.812500, 956.542969
118.164062, 30.761719, 1065.917969
-59.326172, 54.687500, 1579.101562
-128.173828, 32.226562, 1630.371094
55.175781, 246.093750, 1442.382812
-27.587891, 201.171875, 1473.632812
25.878906, 82.031250, 968.750000
73.242188, 100.585938, 861.328125
125.000000, 8.789062, 569.824219
401.367188, 293.945312, 321.777344
-,-,-
76.660156, 8.789062, 1009.765625
-28.076172, -251.708984, 894.042969
45.410156, -67.138672, 879.882812
27.832031, -62.255859, 859.375000
-38.330078, -134.521484, 811.035156
1.464844, 17.578125, 845.703125
-108.642578, -27.099609, 717.285156
-211.181641, 196.289062, 456.542969
-217.529297, 239.746094, 331.054688
-300.537109, -76.904297, 594.238281
-125.732422, -21.240234, 1216.796875
257.324219, 204.101562, 1841.796875
330.566406, 154.296875, 1991.210938
491.210938, 305.664062, 1451.171875
415.527344, 215.332031, 797.851562
279.785156, 17.578125, 957.519531
133.300781, -101.318359, 1358.886719
48.339844, -125.732422, 1696.289062
-106.201172, -233.154297, 1788.574219
52.734375, 17.578125, 1786.621094
-108.642578, -81.298828, 1297.851562
124.023438, 205.078125, 837.890625
178.222656, 243.652344, 55.664062
-,-,-
31.738281, 20.507812, 947.265625
23.925781, 6.835938, 984.375000
-49.072266, -179.443359, 909.179688
-7.080078, -38.818359, 897.460938
5.371094, -43.701172, 833.007812
-96.923828, -90.087891, 718.261719
-93.505859, 52.734375, 790.527344
-194.091797, 42.968750, 669.921875
-180.908203, 113.281250, 308.593750
-136.474609, 127.929688, 359.375000
-70.068359, 94.726562, 833.496094
-3.662109, 162.109375, 1351.074219
90.820312, 105.468750, 1815.429688
297.851562, 251.953125, 1945.312500
808.105469, 541.015625, 1999.755859
436.523438, -67.138672, 772.460938
215.820312, -52.490234, 1225.585938
148.437500, -12.451172, 1547.363281
46.875000, -51.513672, 1463.867188
162.109375, 83.984375, 1603.515625
128.906250, 129.882812, 1370.117188
194.335938, 168.945312, 1287.597656
139.160156, 212.402344, 504.394531
326.660156, 166.015625, 531.250000
-,-,-
124.023438, -187.255859, 912.597656
36.132812, -133.544922, 903.320312
64.941406, -13.427734, 1050.781250
-67.138672, -87.646484, 725.097656
-83.740234, -16.357422, 686.523438
-213.623047, 0.976562, 634.277344
-309.326172, 26.367188, 547.851562
-210.205078, 94.726562, 473.632812
-246.826172, 13.671875, 567.871094
75.195312, 183.105469, 970.703125
148.437500, 306.640625, 1234.375000
259.765625, 186.035156, 1777.343750
333.984375, 273.437500, 1320.312500
286.621094, 92.773438, 1186.523438
312.500000, 125.976562, 989.257812
291.992188, 168.945312, 1241.699219
200.195312, 171.875000, 1226.562500
171.386719, 183.105469, 1040.039062
94.238281, 63.964844, 1192.871094
52.734375, 17.578125, 1493.164062
-49.072266, 58.593750, 1749.023438
12.207031, 29.296875, 1656.738281
84.472656, 210.449219, 1423.828125
108.398438, 228.515625, 1236.816406
226.562500, 306.152344, 524.902344
316.406250, 296.875000, 307.128906
281.250000, 167.968750, 167.968750
-,-,-
54.687500, 21.484375, 1055.664062
60.546875, 44.921875, 999.023438
-83.251953, -186.279297, 831.054688
-55.908203, 41.992188, 718.261719
-239.013672, -175.537109, 478.027344
-430.419922, 47.851562, 300.781250
-708.251953, -285.888672, 89.843750
-371.337891, 235.351562, 372.070312
-16.357422, 475.585938, 1166.992188
292.968750, 475.585938, 1451.171875
289.062500, 369.140625, 1614.746094
189.941406, -87.158203, 1564.941406
189.453125, -110.107422, 1069.335938
321.777344, 408.203125, 1400.878906
295.898438, 180.175781, 1566.894531
156.250000, 125.976562, 1371.582031
-24.169922, 9.765625, 1694.335938
-134.033203, 41.015625, 1554.687500
23.437500, 180.664062, 1511.718750
-9.521484, 145.507812, 1400.390625
48.339844, 173.828125, 1135.253906
69.335938, 76.171875, 748.046875
218.261719, 126.953125, 450.195312
-,-,-
-31.005859, -207.275391, 968.750000
81.542969, -67.138672, 949.218750
27.832031, -147.216797, 941.894531
-1.708984, -70.068359, 687.500000
-81.298828, -120.361328, 582.031250
-141.845703, -50.537109, 598.632812
-218.505859, 105.468750, 356.445312
-270.751953, 117.187500, 587.402344
-329.833984, 46.875000, 973.632812
-46.142578, 110.351562, 921.875000
271.484375, 232.421875, 1371.582031
352.050781, 193.359375, 1550.292969
349.609375, 88.867188, 1485.351562
305.175781, 110.351562, 1789.062500
167.968750, 86.425781, 1384.765625
111.816406, 74.218750, 1479.980469
56.640625, 102.539062, 1730.468750
-79.833984, 105.468750, 1685.546875
-30.517578, 110.351562, 1739.746094
102.050781, 165.039062, 925.781250
314.453125, 215.820312, 522.949219
396.484375, 198.242188, 184.570312
441.406250, 175.781250, -96.435547
-,-,-
-14.404297, -145.751953, 927.734375
70.312500, -112.060547, 1035.156250
-71.533203, -312.255859, 849.121094
-18.798828, -128.662109, 833.007812
-38.330078, -120.361328, 706.054688
-144.287109, -98.388672, 523.437500
-141.357422, 74.218750, 375.976562
-138.916016, 23.437500, 397.460938
-198.486328, 179.687500, 423.828125
-77.392578, 107.421875, 920.898438
-17.333984, 241.699219, 1268.554688
186.523438, 185.058594, 1777.343750
484.863281, 377.929688, 1999.755859
162.109375, 331.542969, 560.058594
223.632812, -132.568359, 851.562500
-72.509766, -432.373047, 1373.535156
76.660156, 26.367188, 1550.781250
64.941406, -4.638672, 1488.281250
273.925781, 222.656250, 1510.742188
285.156250, 203.125000, 1234.375000
296.875000, 205.078125, 1092.773438
269.531250, 157.714844, 500.000000
-,-,-
14.648438, -180.908203, 1002.441406
51.269531, -59.814453, 920.898438
90.820312, -82.763672, 895.019531
81.054688, -140.380859, 787.109375
40.039062, -69.091797, 734.863281
-49.560547, -145.263672, 677.734375
-67.138672, 90.820312, 529.296875
-169.677734, -120.361328, 346.191406
-265.380859, -93.017578, 317.382812
-89.111328, 195.312500, 1152.832031
80.078125, 335.449219, 1329.589844
286.621094, 382.812500, 1210.937500
340.820312, 407.226562, 1541.015625
177.246094, 60.058594, 1279.296875
141.601562, 120.117188, 1370.605469
233.886719, 253.906250, 1266.601562
225.585938, 255.859375, 1284.667969
145.507812, 203.125000, 1216.796875
2.929688, 91.308594, 1306.152344
-49.072266, 179.687500, 1505.371094
-136.962891, 65.917969, 1629.394531
-26.611328, 112.304688, 1350.097656
87.402344, 180.175781, 1397.460938
195.800781, 164.062500, 1147.460938
395.996094, 340.820312, 891.601562
375.488281, 262.695312, 251.953125
359.375000, 81.054688, 83.496094
-,-,-
68.847656, 118.652344, 1434.082031
108.886719, -99.365234, 565.917969
129.394531, -209.228516, 636.718750
73.242188, -123.779297, 679.687500
-56.884766, -274.169922, 512.695312
-99.365234, -93.994141, 636.230469
-235.107422, -123.779297, 477.050781
-228.759766, -76.904297, 255.371094
-102.783203, 231.445312, 575.195312
-65.185547, 234.375000, 1010.742188
-28.564453, 319.335938, 1123.046875
12.207031, 250.976562, 1609.375000
80.078125, 286.132812, 1354.003906
78.125000, 22.460938, 1449.218750
140.136719, 113.281250, 1400.390625
142.578125, 29.785156, 1092.285156
278.320312, 253.906250, 1444.824219
149.902344, 166.992188, 1384.765625
55.664062, 141.601562, 1616.699219
-25.634766, 154.296875, 1681.640625
-16.357422, 95.703125, 1480.957031
-84.228516, 71.289062, 1563.964844
-45.166016, 180.664062, 1140.625000
-137.939453, 10.742188, 1097.656250
137.695312, 57.617188, 612.792969
339.843750, 91.308594, -464.599609
-,-,-
-17.333984, -47.607422, 933.105469
-212.646484, -359.130859, 694.335938
-56.884766, -43.701172, 800.781250
-34.912109, -70.068359, 876.953125
-53.955078, -52.490234, 926.757812
19.042969, -79.833984, 998.046875
84.960938, -74.951172, 1028.320312
42.968750, -30.517578, 932.128906
-67.138672, -64.697266, 962.890625
-173.095703, 51.757812, 647.949219
-239.013672, 37.109375, 360.351562
-239.013672, 56.640625, 247.070312
-201.904297, 158.203125, 595.703125
-63.720703, 255.859375, 1119.140625
145.019531, 217.773438, 1579.101562
118.164062, 359.375000, 1879.882812
85.937500, -149.169922, 1230.468750
382.324219, 352.539062, 1961.425781
114.746094, -42.724609, 1430.664062
152.832031, 132.812500, 1685.546875
45.410156, 44.921875, 1850.097656
114.746094, 134.765625, 1426.757812
113.769531, 106.445312, 1458.007812
188.476562, 152.832031, 1102.539062
257.812500, 217.773438, 639.160156
245.117188, 145.507812, 191.406250
272.949219, 144.531250, -101.318359
-,-,-
208.007812, 50.781250, 903.320312
161.132812, -26.123047, 825.195312
-53.466797, -379.638672, 842.773438
-42.724609, -262.451172, 921.875000
-158.935547, -304.931641, 826.171875
-216.064453, -209.228516, 853.515625
-283.935547, -113.037109, 558.593750
-221.923828, 13.671875, 269.531250
-104.736328, 139.648438, 165.039062
-34.912109, 192.382812, 578.125000
45.898438, 75.195312, 1438.964844
156.250000, 322.265625, 1748.535156
282.226562, 288.085938, 1456.054688
156.250000, 135.742188, 1760.253906
77.636719, 58.105469, 1719.238281
33.203125, -69.091797, 1682.128906
12.207031, 68.359375, 1999.755859
125.000000, 167.968750, 1345.703125
178.222656, 256.835938, 1514.648438
148.437500, 283.203125, 981.933594
200.683594, 232.421875, 459.472656
237.792969, 171.875000, 100.585938
267.089844, 176.757812, -291.748047
-,-,-
248.535156, 73.242188, 938.964844
202.636719, -99.365234, 974.609375
76.660156, -275.634766, 829.589844
84.960938, -155.517578, 731.445312
-70.068359, -278.076172, 684.570312
-269.287109, 47.851562, 338.867188
-409.423828, 14.648438, 137.695312
-452.392578, -88.623047, 61.035156
-219.482422, 63.964844, 627.441406
216.308594, 577.148438, 1784.667969
241.699219, 353.515625, 1688.476562
399.414062, 431.640625, 1355.957031
362.792969, 178.222656, 1515.625000
188.964844, -132.568359, 1573.242188
151.367188, 70.312500, 1403.320312
138.183594, 164.062500, 1469.726562
28.320312, 148.437500, 1423.828125
-47.119141, -173.583984, 1481.445312
212.890625, 300.781250, 1515.625000
231.445312, 155.273438, 1231.445312
272.949219, 210.449219, 1140.625000
316.894531, 208.496094, 618.164062
260.253906, 166.015625, 179.687500
343.750000, 182.128906, 6.835938
-,-,-
222.167969, 33.203125, 919.921875
35.156250, -328.857422, 1169.921875
71.289062, -166.748047, 1044.433594
88.867188, -79.833984, 864.257812
53.710938, -157.958984, 850.097656
-62.255859, -15.380859, 490.234375
-63.720703, 6.835938, 518.066406
-265.380859, -134.521484, 15.625000
-314.208984, -43.701172, 689.453125
-150.634766, 169.921875, 938.964844
171.386719, 531.250000, 1791.992188
228.515625, 264.648438, 1427.734375
361.816406, 493.164062, 1287.597656
423.828125, 221.191406, 1250.976562
225.585938, -84.716797, 1299.804688
187.988281, 82.031250, 1581.054688
189.941406, 74.218750, 1510.742188
70.800781, 49.804688, 1756.835938
118.652344, 220.703125, 1551.757812
59.570312, 78.125000, 1482.910156
89.843750, 174.804688, 1270.507812
18.066406, 58.593750, 910.644531
19.042969, -52.490234, 585.449219
82.519531, -7.568359, 97.656250
-,-,-
-49.560547, -315.185547, 977.050781
83.496094, -26.123047, 1010.742188
-6.103516, -126.708984, 1018.554688
-67.138672, -159.912109, 941.894531
-32.958984, -118.408203, 835.937500
-28.564453, -158.935547, 856.445312
13.183594, -91.552734, 899.414062
-33.935547, -62.255859, 705.078125
-84.716797, 9.765625, 453.125000
-183.837891, -38.818359, 337.890625
-377.197266, -69.091797, 291.015625
-267.822266, -84.716797, 694.824219
-87.646484, 233.398438, 1209.960938
133.300781, 349.609375, 1874.511719
200.683594, 227.539062, 1963.378906
363.769531, 306.152344, 1292.480469
411.132812, 12.695312, 1075.195312
298.339844, -9.521484, 1225.585938
291.992188, 85.937500, 1618.164062
127.441406, -1.708984, 1581.054688
179.199219, 196.289062, 1527.343750
102.050781, -2.197266, 1304.199219
-23.193359, -72.998047, 1449.218750
175.781250, 105.468750, 803.710938
254.394531, 133.789062, 479.003906
437.988281, 187.500000, 462.890625
436.523438, 131.835938, 66.894531
-,-,-
6.347656, 19.531250, 883.789062
-71.533203, -167.724609, 1080.078125
-142.333984, -69.091797, 904.296875
-127.685547, -143.310547, 917.968750
-200.439453, -114.013672, 825.195312
-216.064453, -79.833984, 699.218750
-261.474609, -6.591797, 635.253906
-242.431641, 115.234375, 451.171875
-264.404297, 34.179688, 385.742188
-46.630859, -0.244141, 418.457031
115.722656, 179.199219, 990.234375
216.308594, 329.101562, 1762.207031
162.597656, 301.269531, 1619.140625
215.332031, 43.945312, 1124.023438
98.632812, -61.767578, 1343.750000
113.769531, -5.615234, 1513.671875
75.683594, 70.312500, 1648.437500
55.175781, 204.101562, 1713.867188
15.625000, 104.492188, 1448.242188
-55.419922, 120.605469, 1577.148438
-42.724609, -24.169922, 1294.921875
23.925781, 37.109375, 1242.675781
98.632812, 4.882812, 1188.476562
161.132812, 118.652344, 593.750000
501.464844, 380.859375, 124.023438
506.835938, 242.675781, 90.820312
-,-,-
1.953125, -86.669922, 926.757812
-8.056641, -113.037109, 927.734375
-81.298828, -249.755859, 911.132812
-22.705078, -86.669922, 987.304688
-60.302734, -113.037109, 901.367188
-97.900391, -30.029297, 731.445312
-156.982422, 22.460938, 614.257812
-204.345703, 28.808594, 435.058594
-301.513672, 23.437500, 181.640625
-199.951172, 136.718750, 706.054688
-70.556641, 168.945312, 905.273438
153.320312, 402.343750, 1579.101562
119.628906, 119.628906, 1683.593750
290.039062, 170.898438, 1409.179688
437.500000, 25.390625, 1145.507812
355.468750, 64.453125, 1402.343750
266.601562, 128.906250, 1738.281250
75.195312, 53.710938, 1425.781250
78.125000, 170.898438, 1541.503906
-45.166016, 24.414062, 1584.960938
-92.529297, 31.738281, 1155.761719
58.593750, 46.875000, 1229.492188
121.582031, 69.335938, 793.945312
291.015625, 265.625000, 400.390625
371.582031, 255.859375, 385.742188
-,-,-
72.265625, 56.640625, 1070.312500
-47.607422, -249.755859, 957.519531
111.328125, 26.367188, 894.042969
44.433594, -121.337891, 876.953125
-33.935547, -114.990234, 957.519531
-19.775391, -67.138672, 891.113281
-121.337891, -80.810547, 928.710938
-138.427734, 135.742188, 583.007812
-77.880859, 111.328125, 291.992188
-0.244141, -62.255859, 381.835938
-29.052734, 77.148438, 722.656250
93.261719, 79.101562, 1311.523438
178.222656, 203.125000, 1263.183594
309.570312, 270.996094, 1511.718750
330.566406, 261.718750, 1604.492188
132.812500, -90.087891, 1531.250000
238.769531, 250.000000, 1617.187500
75.195312, 93.261719, 1713.867188
144.042969, 181.152344, 1749.023438
194.335938, 233.398438, 1675.781250
187.500000, 198.242188, 1270.507812
142.578125, 160.156250, 1077.148438
156.250000, 166.015625, 294.921875
365.234375, 91.308594, -199.462891
471.679688, 144.531250, 5.859375
390.625000, 192.382812, 237.304688
-,-,-
-1.708984, -307.373047, 1009.765625
130.859375, -58.349609, 946.289062
49.316406, -240.478516, 1036.132812
21.484375, -113.037109, 973.632812
26.855469, -54.443359, 747.070312
-70.556641, -147.216797, 582.031250
-135.986328, 31.738281, 478.027344
-221.435547, 97.656250, 602.539062
-252.197266, 76.171875, 443.359375
-149.658203, 77.148438, 490.234375
-40.283203, 126.953125, 1098.632812
295.898438, 286.132812, 1553.710938
495.117188, 362.304688, 1451.171875
379.882812, 89.843750, 1488.281250
291.503906, 89.843750, 1430.175781
184.082031, 87.890625, 1461.425781
150.878906, 50.781250, 1458.496094
-44.189453, 76.171875, 1319.335938
-23.193359, 39.062500, 1335.937500
-75.439453, 46.875000, 1491.210938
-65.185547, 61.035156, 1237.304688
-44.189453, 4.882812, 1126.953125
36.621094, 98.632812, 1040.039062
245.117188, 60.058594, 905.273438
288.574219, 80.078125, 655.273438
454.101562, 215.820312, 395.019531
545.898438, 198.242188, 324.707031
-,-,-
207.519531, 201.171875, 716.796875
166.503906, 114.746094, 992.187500
-115.966797, -261.474609, 823.242188
-0.732422, 59.570312, 983.398438
-72.509766, -27.099609, 1003.417969
-191.162109, -101.318359, 728.515625
-175.537109, -6.591797, 652.832031
-343.505859, -145.263672, 337.890625
-223.876953, 125.000000, 257.324219
-244.873047, 163.085938, 719.238281
-225.830078, 14.648438, 895.996094
126.953125, 277.343750, 1410.644531
314.941406, 240.234375, 1667.968750
340.820312, 191.406250, 1239.257812
295.410156, 156.250000, 1371.582031
214.843750, 91.308594, 1220.214844
210.937500, 172.851562, 1433.593750
126.464844, 31.250000, 1528.808594
-11.962891, 194.335938, 1479.980469
4.882812, 109.375000, 1708.984375
5.859375, 76.171875, 1465.820312
-40.283203, 47.851562, 1270.507812
38.574219, 61.523438, 995.117188
126.464844, 37.109375, 777.343750
-,-,-
-37.353516, -168.701172, 791.015625
11.718750, -133.544922, 1013.671875
135.742188, 98.632812, 1013.671875
-14.404297, -224.365234, 733.398438
154.296875, 128.906250, 898.437500
77.636719, 8.789062, 854.492188
-8.056641, -39.794922, 764.160156
151.367188, 239.257812, 799.804688
-156.494141, -104.248047, 458.496094
-47.607422, 260.742188, 462.890625
-90.576172, 326.171875, 775.390625
-135.009766, 353.515625, 841.796875
-94.970703, 170.898438, 888.183594
-84.716797, 152.832031, 1296.875000
-210.205078, 204.101562, 1731.445312
-110.107422, 197.265625, 1506.835938
-9.521484, 171.875000, 1209.960938
-112.060547, 167.968750, 1999.755859
4.882812, 100.585938, 1343.750000
14.648438, 255.859375, 1583.007812
-29.541016, 242.675781, 1551.269531
12.207031, 146.484375, 1000.000000
103.027344, 220.703125, 1240.722656
-,-,-
-114.013672, -196.044922, 1034.179688
58.593750, 196.289062, 1016.601562
3.906250, 13.671875, 1022.949219
-40.771484, 67.382812, 958.496094
-11.474609, 85.449219, 1072.265625
-140.380859, -61.279297, 946.289062
-133.544922, 73.242188, 776.367188
-244.384766, 23.437500, 473.632812
-208.251953, 48.828125, 233.398438
-239.013672, 138.671875, 343.750000
-197.509766, 212.890625, 844.726562
-133.056641, 321.289062, 1264.160156
-29.052734, 59.570312, 1255.859375
96.679688, 170.898438, 1684.570312
133.789062, 171.875000, 1443.359375
114.257812, 316.406250, 1511.230469
-1.708984, 299.316406, 1303.710938
-15.380859, 83.984375, 1080.078125
-21.728516, 108.398438, 1040.039062
-99.365234, 194.335938, 1206.054688
-158.935547, 150.878906, 1269.531250
-177.978516, 174.804688, 1263.183594
-213.623047, 79.101562, 1407.226562
-197.998047, 72.265625, 1563.476562
-72.998047, 225.585938, 1381.835938
150.878906, 186.035156, 747.070312
278.320312, 328.125000, 710.937500
-,-,-
-81.298828, -91.552734, 963.378906
-20.751953, -31.494141, 999.511719
-130.615234, -142.333984, 919.921875
-105.224609, -29.052734, 900.390625
-174.072266, -122.802734, 775.390625
-218.505859, -81.787109, 677.734375
-224.365234, 56.640625, 608.886719
-412.841797, 23.437500, 330.078125
-243.408203, 297.851562, 524.414062
-281.982422, 66.406250, 567.871094
90.820312, 346.679688, 1082.031250
144.042969, 470.703125, 1933.105469
111.328125, 237.304688, 1734.375000
131.835938, 247.070312, 1207.031250
266.113281, 186.523438, 1120.117188
103.027344, 67.871094, 1401.367188
27.343750, 155.273438, 1480.468750
-32.470703, 145.507812, 1333.984375
-159.423828, 90.332031, 1290.039062
-255.126953, -30.517578, 1547.363281
-201.416016, 27.343750, 1458.984375
-152.587891, 115.234375, 1685.546875
83.496094, 327.148438, 1049.316406
90.820312, 122.558594, 519.042969
249.023438, 193.359375, 350.097656
322.265625, 92.773438, 0.488281
-,-,-
-64.697266, 82.031250, 1112.304688
-139.892578, -165.771484, 980.957031
38.574219, 123.046875, 1009.765625
-74.462891, -23.193359, 935.058594
-66.162109, 62.500000, 858.398438
-107.666016, 102.539062, 811.035156
-257.568359, 28.320312, 491.210938
-233.154297, 157.226562, 453.613281
-258.544922, 13.671875, 245.117188
-181.884766, 218.750000, 801.269531
-82.275391, 305.664062, 1377.929688
-77.880859, 179.687500, 1549.316406
151.855469, 467.773438, 1541.015625
122.558594, 245.605469, 1175.292969
83.007812, 54.687500, 1215.820312
13.671875, 21.484375, 1417.480469
62.988281, 85.937500, 1099.609375
59.570312, 100.585938, 1023.437500
-71.533203, 0.488281, 920.898438
-33.935547, 173.828125, 1109.375000
-95.458984, 84.960938, 1296.875000
-146.240234, 37.109375, 1458.007812
-80.810547, 115.234375, 1510.742188
-114.501953, -50.537109, 1500.000000
41.015625, 120.117188, 1423.828125
87.402344, 197.265625, 1046.386719
190.917969, 322.265625, 773.437500
252.441406, 278.320312, 453.613281
-,-,-
171.386719, 91.796875, 915.527344
118.164062, -23.681641, 862.304688
43.945312, -53.466797, 791.015625
67.871094, -14.404297, 1015.625000
0.000000, -110.107422, 941.894531
85.937500, 47.851562, 955.078125
43.457031, -31.005859, 956.542969
-14.404297, 53.710938, 823.242188
-47.119141, 118.652344, 692.382812
-229.248047, 50.781250, 391.113281
-143.310547, 107.421875, 512.695312
-90.576172, 226.562500, 1073.242188
-67.138672, 120.605469, 1316.406250
143.554688, 322.265625, 1443.359375
249.023438, 208.007812, 1183.105469
341.308594, 240.234375, 1256.835938
484.863281, 726.074219, 1999.755859
400.390625, 139.648438, 1431.152344
5.371094, -87.646484, 1359.375000
41.015625, 52.734375, 1437.011719
74.707031, 140.625000, 1518.554688
4.882812, 74.218750, 1510.742188
114.746094, 197.265625, 1439.941406
38.574219, 99.609375, 1060.546875
86.425781, 79.101562, 830.566406
175.781250, 104.492188, 485.351562
205.078125, -99.365234, 144.531250
-,-,-
73.242188, -5.615234, 892.089844
177.246094, 43.945312, 929.687500
33.203125, -126.708984, 817.382812
154.296875, 122.558594, 825.683594
168.945312, 106.445312, 856.445312
-32.470703, -52.490234, 762.207031
36.132812, 150.390625, 981.933594
-149.169922, 31.738281, 684.570312
-41.748047, 114.257812, 211.914062
55.175781, 380.859375, 560.546875
64.941406, 238.281250, 1186.523438
103.027344, 242.675781, 1239.746094
125.000000, 179.687500, 1216.796875
82.519531, 49.804688, 1233.398438
139.160156, 208.007812, 1284.179688
236.816406, 277.832031, 1430.664062
211.914062, 69.335938, 1165.039062
202.636719, 60.546875, 1186.523438
256.347656, 120.605469, 1179.199219
223.632812, 156.250000, 1175.292969
149.414062, 129.882812, 1640.625000
125.976562, 134.765625, 1489.257812
105.468750, 119.140625, 1480.468750
148.437500, 162.109375, 1284.667969
103.027344, 43.945312, 1141.601562
136.230469, 157.226562, 931.152344
-,-,-
-52.001953, -163.818359, 919.921875
9.765625, 47.851562, 905.273438
72.753906, 38.085938, 924.804688
-21.728516, -88.134766, 932.617188
-6.103516, 35.156250, 896.972656
-13.916016, 45.898438, 833.496094
-81.298828, 88.378906, 638.671875
-107.666016, 28.320312, 590.820312
-187.255859, 41.015625, 434.082031
-164.794922, -48.583984, 552.734375
-202.880859, 204.101562, 1097.656250
-67.626953, 170.898438, 1096.679688
114.746094, 230.468750, 1059.082031
232.421875, 338.867188, 1381.835938
419.433594, 280.273438, 1154.785156
395.507812, 305.664062, 1397.949219
324.218750, 152.343750, 1646.484375
149.414062, 284.667969, 1104.980469
115.234375, 120.605469, 1323.242188
56.152344, 157.226562, 1400.390625
-21.240234, 102.539062, 1548.339844
-26.611328, 68.359375, 1721.191406
-14.892578, 72.265625, 1502.441406
132.324219, 157.226562, 1105.468750
229.003906, 200.195312, 654.785156
330.566406, 224.609375, 277.343750
-,-,-
-24.658203, -255.615234, 1105.468750
38.574219, 107.421875, 990.234375
-25.634766, -64.208984, 943.359375
11.230469, 55.664062, 876.953125
-39.794922, 0.488281, 968.750000
-112.060547, 6.347656, 649.902344
-112.060547, 153.320312, 657.226562
-387.451172, -0.244141, 462.890625
-362.548828, 19.531250, 452.148438
-311.767578, 79.101562, 531.250000
-128.173828, 234.375000, 795.898438
151.855469, 416.992188, 1518.554688
387.207031, 424.316406, 1411.132812
493.164062, 421.875000, 1494.140625
218.750000, -46.630859, 1464.843750
86.914062, 69.335938, 1190.917969
190.917969, 252.929688, 1405.273438
74.218750, 171.875000, 1340.820312
37.597656, 213.378906, 1437.988281
-112.060547, 105.468750, 1750.976562
-194.580078, -2.685547, 1308.105469
-235.107422, 16.601562, 1617.675781
-119.384766, 152.832031, 1084.472656
357.910156, 275.390625, 131.347656
556.152344, 279.296875, 157.714844
-,-,-
288.085938, 211.914062, 1312.011719
84.960938, -129.638672, 1023.925781
166.015625, 30.273438, 883.789062
173.828125, -20.263672, 993.164062
28.320312, -81.787109, 758.789062
82.519531, -50.537109, 778.320312
-95.947266, -176.513672, 590.332031
-106.201172, -64.208984, 634.277344
-230.712891, 61.523438, 585.449219
-320.068359, 132.812500, 405.273438
-183.837891, 109.375000, 494.140625
-185.791016, 206.054688, 862.304688
117.187500, 301.269531, 1333.007812
173.828125, 281.250000, 1526.855469
247.070312, 279.296875, 1519.531250
258.789062, 278.320312, 1430.664062
177.246094, 223.632812, 1182.617188
213.867188, 221.679688, 1233.398438
65.429688, 65.429688, 1237.792969
24.902344, 182.128906, 1476.562500
-146.728516, 83.007812, 1797.851562
-205.810547, 41.992188, 1673.828125
-66.650391, 235.351562, 1459.472656
-80.810547, 191.406250, 1218.261719
173.339844, 340.820312, 640.625000
242.187500, 220.214844, 122.070312
-,-,-
-39.306641, -251.220703, 1094.726562
61.523438, 31.738281, 977.539062
-26.123047, -193.115234, 1043.457031
-39.306641, 62.988281, 885.742188
-80.810547, 11.718750, 779.296875
-204.345703, -27.099609, 491.210938
-278.076172, 0.488281, 420.410156
-343.994141, -90.087891, 572.265625
-393.310547, 73.242188, 511.718750
-140.869141, 306.152344, 553.710938
54.687500, 516.601562, 1001.464844
274.902344, 291.992188, 1432.128906
307.617188, 267.089844, 1533.203125
230.468750, 208.496094, 1724.121094
180.664062, 79.101562, 1683.593750
227.539062, 139.648438, 1615.722656
163.085938, 84.960938, 1133.300781
70.800781, 77.148438, 1231.445312
-15.380859, 71.289062, 1404.296875
67.871094, 109.375000, 1430.664062
-179.443359, -116.455078, 1755.859375
41.015625, 190.429688, 1342.285156
17.089844, 77.148438, 1250.976562
108.886719, 342.773438, 899.902344
188.476562, 179.199219, 366.699219
159.667969, -7.568359, 208.984375
285.644531, 41.015625, 265.625000
-,-,-
122.558594, 93.261719, 1024.902344
-4.638672, -261.474609, 908.203125
220.703125, 294.921875, 1176.269531
24.902344, -119.384766, 741.699219
34.179688, 84.960938, 922.851562
39.062500, 61.035156, 919.921875
-144.775391, -249.755859, 597.656250
2.441406, 24.414062, 760.253906
-122.314453, -126.220703, 698.730469
-66.162109, 133.789062, 605.468750
-136.962891, 160.156250, 367.187500
-267.822266, 98.632812, 296.875000
-66.162109, 348.632812, 748.046875
-173.095703, 128.906250, 975.585938
11.230469, 211.425781, 1624.023438
97.167969, 125.976562, 1881.835938
303.222656, 327.148438, 1552.246094
285.644531, 375.000000, 1306.152344
176.757812, 310.546875, 1021.484375
120.605469, 121.582031, 1289.062500
24.414062, 134.765625, 1413.085938
31.738281, 273.437500, 1512.695312
-197.998047, 56.640625, 1826.171875
-260.498047, 94.238281, 1758.789062
-239.013672, 114.257812, 1757.812500
-134.033203, 228.515625, 1132.324219
328.125000, 465.820312, 166.015625
311.523438, 416.992188, -149.658203
359.375000, 317.382812, -228.271484
-,-,-
-32.470703, 98.144531, 1108.398438
-300.048828, -364.013672, 883.789062
-173.583984, 16.601562, 989.257812
-189.208984, -116.943359, 975.585938
-153.564453, 37.109375, 997.070312
-89.111328, 20.507812, 772.460938
-143.310547, 11.718750, 778.320312
-136.474609, 125.976562, 677.246094
-223.876953, 186.035156, 386.718750
-467.529297, 144.531250, 305.175781
-275.634766, 30.761719, 173.339844
-391.357422, -39.794922, 1007.812500
-79.833984, 106.445312, 1403.320312
3.906250, 192.382812, 1860.351562
224.121094, 290.039062, 1502.441406
217.773438, 85.937500, 1307.128906
145.019531, 171.875000, 1562.988281
18.066406, 33.203125, 1087.890625
6.347656, 148.437500, 1247.070312
-38.330078, 169.921875, 1406.250000
-116.455078, 112.304688, 1469.726562
-101.318359, 87.890625, 1561.523438
-135.986328, 77.148438, 1474.609375
-51.025391, 68.359375, 1346.679688
80.078125, 185.546875, 983.398438
218.750000, 252.929688, 490.234375
328.613281, 291.015625, 267.578125
322.265625, 215.332031, 243.164062
-,-,-
169.433594, 167.968750, 914.550781
4.394531, -192.138672, 844.726562
-52.978516, 3.906250, 763.183594
-97.412109, -31.005859, 1101.562500
-198.486328, -87.158203, 957.519531
-200.927734, -77.880859, 729.492188
-181.396484, 78.125000, 874.023438
-224.365234, 100.585938, 658.691406
-139.892578, 114.257812, 513.671875
-88.134766, 102.539062, 409.179688
-152.099609, -1.220703, 597.656250
-103.759766, 218.750000, 1312.500000
-58.837891, 234.375000, 1377.929688
74.218750, 384.765625, 1209.960938
185.058594, 363.769531, 1319.335938
120.117188, 308.105469, 1249.023438
117.187500, 20.507812, 1128.417969
187.988281, 239.746094, 1457.031250
32.226562, 292.968750, 1225.097656
96.191406, 344.726562, 1262.207031
-122.314453, 4.882812, 1377.929688
-203.369141, 54.687500, 1544.921875
-169.677734, 12.695312, 1475.585938
-150.146484, 125.976562, 1497.070312
50.292969, 226.562500, 1248.046875
41.015625, 137.695312, 1128.417969
188.476562, 178.710938, 707.031250
297.363281, 258.789062, 89.843750
-,-,-
-213.623047, -165.771484, 1022.949219
-221.923828, -246.826172, 935.546875
-53.466797, 3.417969, 1122.070312
-106.201172, 11.718750, 946.289062
-90.576172, -61.279297, 983.886719
-102.783203, -76.904297, 779.296875
-137.939453, -59.814453, 682.617188
-158.447266, 148.437500, 600.585938
-347.900391, -61.767578, 454.589844
-393.310547, 65.917969, 375.976562
-249.267578, -30.029297, 518.066406
-264.404297, 26.367188, 1327.636719
-13.427734, 115.234375, 1605.468750
173.339844, 246.582031, 1416.503906
283.203125, 353.515625, 1472.656250
241.210938, 230.468750, 1315.429688
341.796875, 118.164062, 956.542969
364.257812, 135.742188, 970.703125
172.851562, 86.425781, 1309.082031
118.652344, 237.304688, 1507.812500
-14.404297, 56.640625, 1414.550781
-77.880859, 108.398438, 1681.152344
-135.498047, -21.240234, 1506.347656
-140.869141, 44.921875, 1605.468750
-137.451172, 9.765625, 1178.222656
25.390625, 224.609375, 667.968750
-,-,-
-78.369141, -345.458984, 824.218750
-24.169922, -124.755859, 904.296875
35.156250, -8.544922, 960.449219
-82.763672, -180.908203, 934.082031
-75.927734, -27.099609, 761.230469
-139.892578, -203.857422, 782.226562
-156.005859, -77.880859, 834.960938
-174.560547, 83.007812, 694.335938
-224.365234, -127.685547, 763.183594
-233.154297, 112.304688, 607.421875
-169.677734, -24.169922, 599.609375
-28.076172, 239.257812, 872.558594
88.378906, 167.968750, 1217.773438
237.304688, 350.585938, 1486.816406
238.769531, 161.132812, 1429.687500
300.781250, 152.343750, 1416.503906
223.632812, 108.398438, 1315.429688
128.417969, 75.195312, 1165.039062
110.839844, 97.656250, 1209.960938
83.007812, 168.945312, 1317.382812
-85.693359, 48.828125, 1540.039062
-80.810547, 112.304688, 1548.339844
-88.134766, -26.123047, 1460.449219
-72.509766, 173.828125, 1514.648438
118.652344, 98.632812, 1002.441406
69.335938, 22.460938, 1048.828125
150.390625, 98.632812, 876.953125
254.394531, 265.625000, 187.500000
-,-,-
-215.576172, -493.896484, 952.636719
-49.560547, 18.554688, 979.980469
-51.025391, -95.947266, 856.445312
-105.224609, -220.458984, 943.359375
-108.154297, -36.865234, 815.917969
-204.345703, 21.484375, 563.476562
-140.380859, 108.398438, 478.027344
-229.248047, 80.078125, 339.843750
-243.408203, -32.958984, 584.960938
-209.716797, 98.632812, 1066.894531
-149.169922, -15.380859, 1264.160156
33.203125, 208.007812, 1345.703125
109.375000, 91.796875, 1335.937500
215.332031, 189.453125, 1476.562500
328.125000, 149.902344, 1270.507812
329.101562, 211.425781, 1245.117188
286.621094, 171.875000, 1060.546875
124.023438, -6.591797, 927.734375
97.656250, 124.023438, 994.140625
61.523438, 210.449219, 1178.222656
18.066406, 90.332031, 1273.437500
6.347656, 166.015625, 1473.632812
26.367188, 52.734375, 1553.710938
35.156250, 48.828125, 1569.824219
112.792969, 82.031250, 1442.871094
38.574219, -36.865234, 1067.871094
141.601562, 172.851562, 991.210938
213.378906, 92.285156, 280.273438
331.542969, 254.882812, -29.052734
-,-,-
-40.283203, 63.476562, 1008.789062
-214.111328, -244.873047, 1037.109375
-121.337891, 0.488281, 1009.765625
-92.041016, -6.591797, 755.859375
-30.517578, 57.128906, 891.601562
26.855469, 183.105469, 779.296875
-87.158203, 93.261719, 721.679688
-110.107422, 161.132812, 787.109375
-190.673828, 115.234375, 444.335938
-197.998047, 74.218750, 677.246094
-56.396484, 93.750000, 703.125000
-122.314453, 92.285156, 801.757812
83.007812, 244.140625, 1412.109375
100.585938, 342.773438, 1309.570312
276.367188, 435.546875, 1307.128906
189.453125, 420.898438, 1275.390625
82.519531, 145.507812, 1110.839844
95.214844, 136.718750, 1296.875000
55.175781, 160.156250, 1162.109375
94.238281, 161.132812, 1265.136719
164.550781, 291.015625, 1178.222656
-82.763672, 131.835938, 1133.300781
-185.791016, 22.460938, 1434.570312
-338.623047, -31.982422, 1684.570312
-172.119141, 76.171875, 1540.039062
-122.802734, 212.402344, 1669.921875
58.105469, 185.058594, 847.167969
337.890625, 403.320312, 201.171875
-,-,-
83.496094, 18.554688, 843.750000
18.066406, -93.505859, 908.203125
-60.302734, -279.052734, 991.210938
-6.591797, -113.037109, 787.109375
-52.001953, -212.158203, 1000.000000
-20.751953, -179.931641, 977.050781
0.488281, -57.861328, 756.835938
9.277344, -15.380859, 714.355469
-137.939453, 58.593750, 552.246094
-184.814453, 58.593750, 650.878906
-283.935547, -49.560547, 609.863281
-205.810547, 39.062500, 696.777344
-117.431641, 57.617188, 905.273438
25.390625, 118.164062, 1054.687500
133.300781, 338.867188, 1509.765625
182.617188, 266.601562, 1305.175781
130.859375, 262.695312, 1429.687500
158.691406, 256.835938, 1413.085938
103.515625, 145.507812, 1118.652344
228.515625, 318.359375, 1363.281250
60.546875, 70.312500, 1028.320312
124.511719, 270.996094, 980.957031
61.035156, 267.089844, 1315.429688
-78.369141, 125.000000, 1282.226562
-46.630859, 92.773438, 1482.910156
-60.302734, 73.242188, 1518.554688
23.925781, 94.238281, 1633.300781
35.156250, 243.652344, 1649.902344
178.222656, 75.195312, 616.210938
408.691406, 455.566406, 540.039062
284.667969, 211.425781, 272.460938
-,-,-
356.933594, 412.109375, 868.164062
98.144531, -119.384766, 856.445312
245.117188, 187.500000, 909.179688
123.046875, 44.921875, 854.492188
111.816406, 32.226562, 914.550781
197.265625, 173.828125, 968.750000
140.136719, 102.539062, 833.984375
166.992188, 137.695312, 763.183594
5.371094, 165.039062, 534.179688
-70.068359, 149.414062, 485.351562
-184.814453, 113.281250, 399.414062
-195.068359, -2.197266, 844.238281
-39.306641, 254.882812, 1124.023438
-99.365234, 137.695312, 1260.742188
135.742188, 398.925781, 1583.007812
181.640625, 131.835938, 1117.187500
427.246094, 320.312500, 1223.632812
444.824219, 226.562500, 1372.558594
315.917969, 387.695312, 1490.234375
105.468750, 236.328125, 1372.558594
-77.880859, 80.078125, 1117.187500
-152.099609, -38.818359, 1185.546875
-131.591797, 32.714844, 1398.437500
-74.951172, 56.640625, 1437.011719
51.269531, 135.742188, 1485.351562
109.863281, 218.750000, 1449.218750
207.519531, 187.500000, 1195.312500
155.273438, 242.675781, 983.886719
-,-,-
-48.583984, -244.873047, 842.773438
77.636719, 108.398438, 802.734375
4.882812, -105.224609, 934.570312
8.300781, -12.451172, 796.875000
-17.822266, 35.156250, 889.648438
-103.759766, -75.927734, 865.234375
-128.173828, 14.648438, 871.582031
-195.556641, 46.875000, 726.562500
-244.384766, 162.109375, 437.011719
-129.638672, 34.179688, -100.341797
-188.232422, 243.652344, 446.289062
-188.232422, 385.742188, 1566.894531
-211.669922, 196.289062, 1519.531250
-35.888672, 300.781250, 1634.277344
-5.126953, 316.406250, 1277.343750
22.460938, 152.832031, 1305.175781
-70.556641, 135.742188, 1137.695312
-70.556641, 196.289062, 1239.257812
-54.931641, 196.289062, 1142.578125
-161.376953, 210.449219, 1317.382812
-249.267578, 156.250000, 1630.859375
-395.751953, 99.609375, 1533.203125
-403.564453, 60.058594, 1340.820312
-356.689453, 52.734375, 1176.269531
-104.736328, 244.140625, 1274.414062
-4.638672, 251.953125, 736.328125
129.394531, 169.921875, 637.695312
145.996094, 257.812500, 135.742188
-,-,-
-19.775391, -72.021484, 982.421875
52.734375, 36.132812, 998.535156
-38.818359, -209.716797, 950.195312
45.410156, 106.445312, 990.234375
32.226562, 32.714844, 951.171875
-10.498047, 7.812500, 849.121094
-28.076172, 112.304688, 866.210938
-125.732422, 133.789062, 854.492188
-238.525391, 158.203125, 625.976562
-360.107422, 2.929688, 483.886719
-454.345703, -205.810547, 294.921875
-98.876953, 277.343750, 695.312500
41.015625, 273.925781, 1213.867188
199.218750, 489.257812, 1465.820312
290.039062, 366.210938, 1466.796875
294.921875, 400.390625, 1354.003906
374.511719, 189.941406, 1621.093750
146.972656, 122.558594, 1216.796875
110.351562, 242.675781, 1113.281250
-132.568359, 84.960938, 1077.148438
-147.705078, 171.875000, 1248.535156
-202.880859, 190.429688, 1474.609375
-132.568359, 209.472656, 1443.359375
-46.630859, 250.000000, 1180.664062
8.789062, 154.296875, 1071.777344
69.824219, 83.984375, 747.070312
113.281250, 68.359375, 615.234375
285.156250, 183.105469, 502.441406
404.296875, 153.808594, 305.175781
-,-,-
-48.583984, -45.654297, 932.617188
-83.251953, -78.857422, 991.210938
-28.564453, 30.273438, 891.601562
-20.751953, -76.904297, 803.222656
-32.470703, -19.287109, 817.382812
-18.310547, 45.898438, 866.210938
-52.001953, 10.742188, 730.468750
-102.294922, 62.988281, 638.671875
-183.837891, -40.771484, 675.292969
-154.541016, 115.234375, 781.738281
-118.408203, 140.625000, 948.242188
-79.833984, 181.640625, 937.011719
57.128906, 291.015625, 1054.687500
54.687500, 230.468750, 1261.718750
122.558594, 231.445312, 1271.484375
136.718750, 251.953125, 1456.054688
144.042969, 209.960938, 1292.968750
83.007812, 265.625000, 1244.140625
31.738281, 149.414062, 1113.769531
-41.748047, 165.039062, 1055.664062
-84.228516, 166.015625, 1334.960938
-195.068359, 118.164062, 1460.449219
-179.931641, 232.421875, 1712.890625
-174.560547, 54.687500, 1429.687500
-114.013672, 169.921875, 1257.812500
-20.751953, 122.070312, 1107.421875
40.039062, 95.703125, 693.359375
201.660156, 99.609375, 383.789062
285.644531, 140.625000, 339.843750
-,-,-
-239.990234, -267.822266, 871.582031
-202.392578, -64.208984, 822.265625
-173.583984, -59.814453, 916.015625
-187.744141, -133.544922, 830.078125
-116.943359, 51.757812, 787.109375
-218.994141, -92.529297, 654.785156
-190.673828, 40.039062, 767.578125
-129.150391, 70.312500, 772.460938
-181.396484, 106.445312, 842.773438
-3.662109, 215.820312, 1017.578125
-20.751953, 126.953125, 1048.828125
37.109375, 245.605469, 1297.851562
116.210938, 283.203125, 1260.253906
142.578125, 265.625000, 1066.894531
180.664062, 308.593750, 1198.730469
140.136719, 179.199219, 1108.398438
19.042969, 27.343750, 1105.957031
47.851562, 181.640625, 1219.238281
-10.009766, 108.398438, 1239.257812
-33.935547, 203.125000, 1265.136719
-75.439453, 134.765625, 1448.242188
-109.619141, 174.804688, 1576.171875
-190.673828, 123.046875, 1435.058594
-188.232422, 79.101562, 1380.859375
-173.095703, 41.992188, 1137.207031
13.671875, 16.601562, 700.683594
246.093750, 215.820312, 531.250000
404.296875, 241.699219, 659.179688
502.929688, 303.222656, 550.781250
-,-,-
40.527344, -128.662109, 976.562500
64.941406, 69.824219, 839.843750
-2.685547, -186.279297, 948.242188
-1.220703, -148.193359, 896.972656
-68.115234, -192.138672, 830.566406
-123.291016, -241.943359, 788.085938
-127.685547, -60.791016, 678.710938
-217.041016, -29.541016, 477.050781
-134.033203, 8.789062, 457.519531
-273.193359, 15.625000, 875.976562
-259.521484, 127.929688, 1089.355469
-199.951172, 138.671875, 1258.789062
-106.689453, 319.335938, 1302.734375
167.968750, 156.250000, 842.773438
151.855469, 147.460938, 941.406250
162.109375, 347.656250, 1491.210938
82.031250, 222.656250, 1494.140625
71.289062, 254.882812, 1384.765625
28.320312, 255.859375, 1452.148438
-28.076172, 182.128906, 1393.066406
-112.548828, 77.148438, 1371.582031
-58.837891, 279.296875, 1588.378906
-97.412109, 175.781250, 1344.726562
-29.052734, 218.750000, 1327.148438
40.039062, 198.242188, 979.980469
63.964844, 144.531250, 750.976562
192.382812, 140.625000, 708.007812
-,-,-
122.070312, -90.576172, 879.882812
77.636719, -128.662109, 907.226562
118.164062, -69.091797, 1057.617188
123.046875, -83.740234, 918.945312
155.273438, -24.169922, 1011.718750
197.753906, -8.544922, 1086.914062
206.054688, -15.380859, 1063.476562
245.117188, 45.898438, 1070.312500
193.847656, -35.888672, 1038.085938
161.132812, -11.474609, 997.070312
91.796875, 28.808594, 873.046875
-49.560547, -2.685547, 781.738281
-106.689453, 128.906250, 579.101562
-124.755859, 60.546875, 299.804688
-199.951172, -51.513672, 249.023438
-205.810547, -9.521484, 764.160156
-192.138672, 55.664062, 1124.023438
-68.115234, 397.460938, 1502.441406
-3.662109, 315.429688, 1397.949219
172.363281, 198.242188, 1126.953125
163.574219, 166.015625, 1164.062500
78.125000, 160.644531, 1608.886719
77.636719, 166.015625, 1489.257812
36.132812, 133.789062, 1588.378906
-33.935547, 33.691406, 1795.410156
-48.583984, 142.578125, 1561.523438
21.484375, 171.875000, 1544.921875
45.410156, 265.625000, 1244.628906
89.843750, 248.046875, 993.164062
170.410156, 192.382812, 602.539062
163.085938, 247.070312, 483.398438
178.222656, 101.562500, 345.703125
159.667969, 53.710938, 284.667969
-,-,-
66.406250, -12.451172, 973.632812
-27.587891, -206.787109, 990.234375
40.039062, -71.044922, 1048.339844
31.738281, 0.488281, 967.773438
41.015625, -1.220703, 979.980469
108.886719, 93.261719, 854.003906
-11.962891, -29.052734, 643.554688
-100.341797, 68.359375, 750.000000
-199.951172, 88.867188, 564.453125
-300.537109, 21.484375, 446.289062
-405.517578, 13.671875, 298.828125
-211.181641, 212.402344, 409.179688
-94.482422, 483.398438, 1257.812500
135.253906, 490.722656, 1309.082031
110.839844, 368.164062, 1784.179688
128.906250, 279.296875, 1520.996094
142.089844, -265.869141, 288.574219
197.753906, 231.445312, 1083.007812
-84.228516, 35.156250, 1602.539062
-128.662109, 185.546875, 1483.886719
-179.931641, 145.507812, 1534.179688
-133.544922, 194.335938, 1457.031250
-56.884766, 174.804688, 1190.429688
39.550781, 216.308594, 1125.976562
146.972656, 183.593750, 565.917969
255.371094, 178.710938, 414.550781
291.015625, 118.164062, 69.335938
322.753906, 189.453125, 188.476562
-,-,-
-56.396484, -1.708984, 1103.515625
-121.337891, -254.638672, 939.453125
-20.751953, 49.804688, 1007.812500
21.972656, 13.671875, 971.679688
-3.662109, 15.625000, 921.875000
7.324219, 34.179688, 910.156250
-121.337891, -63.232422, 942.382812
-134.033203, 208.984375, 913.574219
-227.294922, 146.484375, 483.398438
-400.146484, 6.835938, 43.457031
-238.037109, 73.242188, 402.343750
-322.021484, -23.193359, 795.898438
37.597656, 444.335938, 977.050781
117.187500, 414.062500, 1437.011719
127.441406, 309.570312, 1678.222656
63.476562, 250.000000, 1671.875000
117.675781, 253.906250, 1519.531250
28.808594, 175.781250, 1417.480469
-46.142578, 220.703125, 1412.109375
-30.517578, 210.937500, 1355.957031
-27.099609, 286.132812, 1442.382812
-13.916016, 254.882812, 1386.718750
-16.357422, 120.117188, 1208.007812
53.710938, 206.054688, 945.312500
118.164062, 119.140625, 572.265625
231.933594, 208.984375, 643.554688
-,-,-
-11.474609, -250.732422, 1000.488281
53.710938, 150.878906, 950.195312
32.226562, 1.464844, 1206.054688
-79.833984, -215.087891, 963.867188
8.300781, -30.029297, 964.843750
-15.380859, -148.193359, 1040.039062
-48.583984, 9.765625, 767.089844
-75.439453, 41.992188, 668.945312
-327.880859, -55.419922, 313.476562
-383.056641, -0.732422, 104.003906
-310.791016, 102.539062, 354.492188
-303.466797, 181.152344, 1004.394531
-95.947266, 353.515625, 1640.625000
52.734375, 361.328125, 1636.230469
139.160156, 316.406250, 1396.972656
177.246094, 188.476562, 1082.031250
205.078125, 221.679688, 1645.507812
81.542969, 112.304688, 1395.996094
-44.189453, -31.005859, 1424.804688
-64.697266, 206.054688, 1493.164062
-117.919922, 30.761719, 1459.472656
-89.111328, 274.902344, 1506.835938
2.929688, 194.335938, 1226.562500
44.921875, 181.152344, 1289.550781
190.917969, 437.500000, 855.957031
240.722656, 164.062500, 435.058594
273.925781, 4.882812, 71.289062
312.988281, 12.695312, 4.882812
-,-,-
88.867188, 103.515625, 989.257812
-72.998047, -230.224609, 997.070312
40.039062, 133.789062, 914.550781
-17.333984, -283.935547, 1051.757812
-23.193359, 8.789062, 891.601562
37.109375, -57.373047, 891.601562
-31.982422, -125.732422, 791.015625
-1.220703, 106.445312, 703.125000
-204.345703, -78.857422, 541.015625
-286.865234, 20.507812, 247.070312
-293.212891, -128.662109, 167.480469
-246.337891, 244.140625, 964.355469
-59.326172, 363.769531, 1761.718750
68.359375, 346.679688, 1382.812500
124.023438, 355.468750, 1168.945312
74.218750, 133.789062, 1337.890625
76.171875, 191.406250, 1399.414062
247.558594, 227.050781, 1497.558594
37.597656, 198.242188, 1478.515625
-21.728516, 166.992188, 1377.441406
-114.501953, 80.078125, 1405.273438
-47.119141, 156.250000, 1368.164062
48.828125, 281.250000, 1375.976562
111.328125, 195.312500, 1216.796875
195.800781, 179.687500, 1233.398438
298.828125, 245.605469, 937.011719
258.789062, 185.546875, 374.511719
120.605469, -29.541016, 214.843750
-,-,-
41.015625, -58.837891, 1062.500000
-15.380859, -135.498047, 962.402344
76.660156, 61.035156, 942.382812
-66.162109, -147.216797, 929.687500
-14.404297, 52.734375, 771.484375
-113.037109, -78.857422, 741.699219
-197.998047, 53.710938, 543.457031
-256.591797, 27.343750, 369.628906
-194.091797, 55.664062, 518.066406
-164.794922, 214.355469, 797.851562
-93.505859, 213.378906, 1131.347656
-63.720703, 165.039062, 1319.335938
15.625000, 95.703125, 1166.015625
81.542969, 214.843750, 1516.601562
166.015625, 141.601562, 1274.414062
223.632812, 213.867188, 1715.820312
115.234375, 129.882812, 1306.152344
13.183594, 77.148438, 1056.640625
-78.369141, 116.210938, 1223.144531
-9.033203, 171.875000, 1402.343750
-73.974609, 168.945312, 1573.242188
64.941406, 232.421875, 1291.992188
103.027344, 232.421875, 1309.570312
125.000000, 244.140625, 1124.023438
242.187500, 159.179688, 731.445312
180.664062, 80.078125, 422.851562
-,-,-
115.722656, 45.898438, 950.195312
-31.494141, -166.748047, 986.328125
17.089844, 47.851562, 978.027344
58.593750, 42.968750, 941.406250
6.347656, -110.107422, 828.613281
25.878906, 79.101562, 822.265625
-107.666016, -46.630859, 860.351562
-223.388672, 202.148438, 676.269531
-287.353516, 261.718750, 680.664062
-303.955078, 1.953125, 215.332031
-103.271484, 134.765625, 345.214844
71.777344, 141.601562, 1232.910156
363.769531, 366.699219, 1469.726562
503.417969, 260.742188, 1509.765625
463.867188, 258.789062, 1538.085938
335.449219, 303.710938, 1321.289062
161.132812, 6.835938, 1018.554688
58.105469, 87.402344, 1094.726562
111.328125, 162.109375, 1346.679688
-61.767578, 87.890625, 1999.755859
-71.533203, 185.546875, 1999.755859
180.664062, 139.648438, 943.847656
323.730469, 183.593750, 980.957031
396.484375, 306.640625, 971.679688
348.632812, 333.007812, 628.417969
427.734375, 306.640625, 530.273438
-,-,-
55.175781, 5.859375, 1064.941406
-66.162109, -335.693359, 1071.289062
87.890625, 119.140625, 995.117188
91.308594, 38.085938, 878.906250
90.820312, 34.179688, 789.062500
98.632812, 22.460938, 722.656250
25.878906, -8.544922, 686.523438
-60.302734, 107.421875, 634.277344
-298.583984, -117.919922, 307.617188
-349.853516, 68.359375, 478.027344
-309.326172, 154.296875, 808.105469
-210.205078, 203.125000, 1112.792969
27.343750, 358.398438, 1448.242188
123.046875, 274.902344, 1653.320312
267.089844, 299.804688, 1421.875000
238.281250, 134.765625, 1308.105469
196.777344, 70.312500, 1386.718750
20.507812, 41.992188, 1065.429688
71.777344, 150.390625, 1297.851562
-64.697266, 34.667969, 1349.121094
-80.810547, 78.125000, 1605.468750
-19.775391, 176.757812, 1628.417969
58.105469, 0.000000, 1214.843750
118.164062, 155.273438, 1452.148438
80.078125, 223.632812, 1059.082031
-18.310547, 67.382812, 480.957031
119.628906, 35.156250, 225.585938
161.132812, 57.617188, 52.734375
328.613281, 182.128906, 467.773438
-,-,-
84.472656, 154.296875, 953.613281
28.320312, -82.275391, 997.070312
-2.685547, -60.791016, 956.542969
16.113281, 22.460938, 934.082031
-24.658203, -4.638672, 844.726562
-63.720703, 196.289062, 639.648438
-206.787109, 83.007812, 318.359375
-238.525391, 22.460938, 329.589844
-207.763672, 125.976562, 784.667969
-134.521484, 40.039062, 868.164062
59.570312, 300.292969, 1305.175781
138.183594, 174.804688, 1478.515625
225.585938, 292.968750, 1083.007812
596.679688, 106.445312, 1857.421875
-60.302734, 287.109375, 566.894531
78.613281, -55.908203, 446.289062
149.414062, 97.656250, 1055.664062
-14.892578, 80.078125, 1147.460938
44.433594, 96.679688, 1246.093750
27.343750, 228.515625, 1423.828125
133.789062, 193.359375, 1462.402344
136.230469, 179.687500, 1437.011719
166.015625, 307.128906, 1444.335938
176.757812, 151.367188, 967.773438
200.195312, 280.273438, 908.691406
190.429688, 237.304688, 504.394531
231.445312, -25.146484, 91.796875
342.773438, 28.808594, 185.546875
-,-,-
-183.837891, -403.076172, 1133.300781
30.273438, -49.560547, 1139.648438
24.902344, -84.716797, 910.156250
79.101562, 64.453125, 912.109375
-16.357422, -31.005859, 744.140625
-65.673828, 6.835938, 607.910156
-159.423828, 64.453125, 390.136719
-302.978516, -67.138672, 211.914062
-238.037109, 86.914062, 879.394531
-245.849609, 37.109375, 1399.414062
-105.224609, 136.718750, 1297.851562
149.414062, 313.476562, 1283.691406
247.558594, 350.585938, 1278.320312
283.203125, 278.320312, 1334.960938
232.421875, 162.109375, 1264.160156
151.367188, 173.828125, 1138.671875
80.078125, 117.187500, 1234.375000
-39.306641, 50.781250, 1180.664062
-16.845703, 113.281250, 1408.203125
-157.958984, -31.982422, 1571.777344
-121.826172, 105.468750, 1752.929688
-64.697266, 81.054688, 1454.101562
-19.775391, 93.750000, 1275.390625
19.042969, 82.031250, 688.964844
140.136719, 77.148438, 192.871094
262.207031, 66.406250, -1.220703
-,-,-
286.132812, 271.484375, 946.289062
203.125000, 235.351562, 1118.652344
85.937500, -30.029297, 1145.507812
108.886719, 60.546875, 869.628906
55.175781, -67.138672, 924.804688
59.570312, 86.914062, 700.683594
-11.962891, 35.156250, 513.671875
-100.341797, 285.156250, 476.562500
-210.693359, 166.015625, 402.343750
-349.365234, -215.576172, 343.750000
-168.701172, 133.789062, 781.738281
164.550781, 394.042969, 1771.972656
223.632812, 381.835938, 1461.425781
201.171875, 254.882812, 1430.664062
54.687500, 105.468750, 1205.078125
5.371094, 156.250000, 1143.554688
35.644531, 241.699219, 1397.949219
32.714844, 209.472656, 1093.750000
54.199219, 265.625000, 1003.417969
51.757812, 184.570312, 1111.816406
-136.474609, 173.828125, 1490.234375
-359.130859, -204.833984, 1999.755859
-96.923828, 62.988281, 1365.234375
106.933594, 319.335938, 1262.207031
242.675781, 299.804688, 1040.039062
188.964844, 293.945312, 795.898438
317.871094, 329.589844, 432.617188
-,-,-
129.882812, -185.302734, 899.414062
137.695312, -135.498047, 1077.148438
125.000000, -43.701172, 938.964844
3.906250, -189.208984, 834.960938
-24.169922, -45.654297, 823.242188
-207.763672, 7.812500, 485.839844
-266.845703, -76.904297, 428.710938
-146.728516, 130.859375, 536.132812
-94.482422, 100.585938, 779.296875
102.539062, 127.929688, 1255.859375
172.851562, 83.007812, 1418.457031
278.808594, 289.062500, 1510.742188
312.011719, 418.945312, 1303.710938
239.257812, 161.132812, 895.507812
221.191406, 116.210938, 1222.167969
183.105469, 104.492188, 1133.300781
125.000000, 149.414062, 1242.675781
182.617188, 243.652344, 1133.300781
94.238281, 149.902344, 1167.968750
90.820312, 107.421875, 1259.765625
74.707031, 15.625000, 1574.218750
-55.419922, 65.429688, 1999.755859
18.066406, 117.187500, 1498.535156
113.281250, 242.675781, 1147.460938
163.574219, 182.128906, 524.902344
304.199219, 238.281250, 33.203125
435.058594, 225.585938, -9.521484
-,-,-
113.769531, 106.445312, 995.117188
104.492188, 16.601562, 970.703125
19.042969, -220.458984, 907.226562
192.871094, 118.164062, 904.296875
27.343750, -43.701172, 804.687500
-8.056641, -16.357422, 775.390625
-95.947266, 176.757812, 531.250000
-218.505859, -65.185547, 360.351562
-207.763672, -19.287109, 313.476562
-109.619141, 51.757812, 917.480469
-19.775391, 167.968750, 1232.421875
73.242188, 345.703125, 1695.312500
106.933594, 224.609375, 1298.828125
4.394531, 41.992188, 1271.484375
-31.494141, 36.132812, 1306.152344
69.824219, 79.101562, 959.472656
74.707031, 148.437500, 1091.308594
85.449219, 78.125000, 1200.195312
27.832031, 155.761719, 1190.429688
8.789062, 39.062500, 1211.914062
-56.884766, 100.585938, 1454.589844
-152.099609, -58.349609, 1554.687500
-116.943359, -90.087891, 1595.214844
-135.986328, 41.992188, 1740.722656
17.578125, 50.781250, 1464.843750
147.460938, 328.125000, 1450.195312
296.875000, 302.246094, -225.830078
-,-,-
24.414062, -308.349609, 1050.781250
136.230469, 116.699219, 974.609375
59.570312, -40.771484, 1138.671875
-11.962891, -25.146484, 1006.835938
-13.916016, 50.781250, 824.218750
-144.775391, -53.466797, 780.273438
-213.623047, 115.234375, 596.679688
-198.486328, 114.257812, 255.859375
-115.966797, 252.929688, 341.796875
-81.298828, 404.296875, 438.964844
-196.044922, 73.242188, 1304.199219
-191.650391, 13.671875, 1632.324219
1.464844, 147.460938, 1523.437500
125.488281, 270.019531, 1347.656250
176.269531, 139.648438, 1391.113281
182.617188, 251.953125, 1210.937500
176.269531, 208.007812, 1129.394531
119.628906, 251.953125, 1187.500000
-86.669922, 71.289062, 1299.804688
-34.423828, 148.437500, 1509.765625
-101.806641, 80.078125, 1766.113281
56.152344, 129.882812, 1370.605469
-4.150391, 174.804688, 1524.902344
104.492188, 241.699219, 862.304688
214.843750, 283.203125, 253.417969
-,-,-
-39.794922, -83.251953, 921.875000
23.437500, -40.771484, 989.257812
-135.986328, -255.615234, 1225.585938
-15.380859, 138.671875, 593.750000
17.578125, 51.757812, 218.261719
-176.513672, -35.888672, 343.750000
-201.904297, 100.585938, 420.898438
-197.021484, 52.734375, 658.203125
-133.544922, 196.289062, 961.914062
-188.232422, 9.765625, 1395.019531
-145.751953, 40.039062, 1331.542969
-21.240234, 116.210938, 1536.132812
-69.580078, 128.906250, 1164.062500
19.042969, 103.515625, 1240.234375
14.160156, 100.585938, 1378.906250
6.347656, 116.210938, 1246.582031
5.371094, 53.710938, 1085.937500
12.207031, 142.578125, 1168.945312
-82.275391, 40.039062, 1181.640625
-133.544922, 24.414062, 1600.585938
-109.619141, 19.531250, 1537.109375
-46.142578, 37.109375, 1660.156250
51.269531, 255.859375, 1655.761719
189.941406, 354.492188, 807.128906
236.816406, 150.390625, 916.503906
-9.521484, -22.216797, 9.765625
-,-,-
-85.693359, -287.841797, 970.703125
57.128906, 13.671875, 967.773438
-58.837891, -271.728516, 951.171875
-0.244141, -64.697266, 951.171875
58.105469, -14.404297, 795.898438
-30.517578, -92.529297, 772.460938
-93.505859, -51.513672, 873.535156
-206.298828, 77.148438, 691.406250
-199.462891, -12.451172, 378.906250
-211.669922, -202.880859, 445.312500
-195.068359, 25.390625, 811.035156
-74.951172, 185.546875, 1244.628906
8.789062, 265.625000, 1395.019531
92.773438, 203.125000, 1267.578125
94.238281, 232.421875, 1291.503906
175.781250, 160.156250, 1271.484375
269.531250, 289.062500, 1366.699219
125.488281, 121.582031, 1244.628906
201.660156, 153.808594, 1193.847656
129.882812, 105.468750, 1376.953125
60.546875, -65.185547, 1496.093750
75.195312, 93.261719, 1529.785156
-22.216797, -98.388672, 1698.730469
55.175781, 110.351562, 1311.523438
37.597656, 163.085938, 1196.289062
97.167969, 104.492188, 835.937500
220.703125, 217.285156, 224.609375
288.574219, 109.375000, 62.500000
-,-,-
162.597656, 74.218750, 998.046875
-23.681641, -162.841797, 843.261719
76.660156, -6.591797, 773.437500
-43.212891, -95.458984, 758.789062
-171.142578, -105.224609, 623.046875
-191.162109, -69.091797, 465.820312
-266.357422, -210.693359, 431.640625
-124.755859, -33.935547, 429.687500
-144.775391, 98.632812, 1087.402344
12.207031, 197.265625, 1411.132812
223.144531, 350.585938, 1350.097656
137.695312, 189.453125, 1378.906250
60.058594, 162.109375, 1301.757812
47.851562, 61.035156, 1098.632812
45.410156, 165.039062, 1309.082031
168.457031, 255.859375, 1416.503906
7.812500, 90.332031, 1216.796875
5.371094, 127.929688, 1139.160156
-55.419922, 114.257812, 1229.492188
-100.341797, 103.515625, 1364.257812
-111.083984, 74.218750, 1485.351562
-156.982422, -38.818359, 1514.648438
-12.939453, 83.984375, 1599.609375
-29.052734, 62.011719, 1492.187500
235.839844, 414.062500, 650.390625
335.449219, 247.558594, 843.750000
-,-,-
72.753906, -192.138672, 650.390625
153.320312, -52.490234, 613.769531
24.414062, -312.255859, 705.078125
-130.615234, -258.544922, 697.753906
-92.529297, -92.529297, 656.250000
-113.037109, -33.447266, 439.941406
-75.927734, 94.726562, 360.351562
-113.037109, 87.402344, 661.132812
-64.697266, 250.000000, 831.054688
115.722656, 403.320312, 977.050781
71.289062, 293.945312, 1418.457031
53.710938, 227.539062, 1430.664062
-52.978516, 103.515625, 1679.199219
27.343750, 79.101562, 1273.437500
142.089844, 254.882812, 1098.632812
147.949219, 136.718750, 1398.437500
174.804688, 170.898438, 1461.425781
19.042969, 126.953125, 1622.070312
5.371094, 96.679688, 1453.125000
-57.373047, 128.906250, 1569.824219
-154.541016, 11.718750, 1538.085938
19.042969, 149.902344, 1112.304688
140.136719, 337.890625, 1208.984375
353.515625, 310.546875, 64.941406
391.601562, 185.058594, 311.523438
318.847656, 103.515625, 404.296875
-,-,-
-74.951172, -293.212891, 999.023438
177.246094, 35.644531, 1027.343750
23.437500, -209.228516, 937.011719
73.242188, 7.812500, 976.562500
-11.474609, -115.966797, 713.867188
-79.833984, -180.419922, 471.679688
-229.248047, -87.646484, 351.562500
-279.052734, -47.607422, 255.859375
-242.431641, 47.851562, 452.148438
-129.638672, 166.015625, 979.980469
-140.380859, 344.726562, 1351.074219
76.660156, 122.558594, 1518.554688
246.582031, 313.476562, 1515.625000
242.675781, 186.523438, 1431.640625
220.214844, 113.281250, 1317.382812
210.449219, 154.296875, 1182.617188
82.519531, 148.437500, 1376.953125
104.003906, 253.906250, 1618.164062
34.179688, 181.152344, 1395.019531
76.171875, 237.304688, 1515.625000
59.570312, 167.968750, 1619.140625
15.625000, 122.558594, 1035.156250
88.378906, 173.828125, 1199.707031
146.972656, 129.882812, 310.058594
-,-,-
207.031250, 213.378906, 1074.707031
134.277344, 76.171875, 812.988281
31.250000, -74.951172, 896.484375
24.902344, 61.035156, 792.968750
-103.759766, -72.021484, 638.671875
-117.431641, 118.164062, 551.757812
-205.322266, 75.195312, 343.750000
-219.482422, -57.373047, 574.218750
-73.486328, 239.257812, 1089.355469
43.457031, 203.125000, 1102.539062
221.191406, 459.960938, 1445.312500
191.894531, 193.359375, 1279.296875
209.960938, 241.699219, 1263.183594
278.320312, 223.632812, 1328.125000
138.183594, 129.882812, 1179.687500
154.296875, 212.402344, 1264.160156
85.937500, 192.382812, 1047.363281
-24.169922, 166.015625, 1037.109375
37.597656, 184.082031, 1179.687500
3.906250, 206.054688, 1290.527344
-34.423828, 120.117188, 1440.917969
56.152344, 193.359375, 1461.425781
40.039062, -10.498047, 1588.378906
225.585938, 264.648438, 1091.308594
316.406250, 329.101562, 1064.941406
249.511719, 168.945312, 852.050781
268.554688, 58.105469, 350.097656
-,-,-
16.601562, -264.404297, 1036.132812
59.570312, 4.882812, 998.535156
112.792969, 69.335938, 955.078125
-75.927734, -173.583984, 916.503906
-33.447266, -80.810547, 774.414062
-107.177734, -127.685547, 791.015625
-167.236328, -87.158203, 711.914062
-178.955078, 30.761719, 594.726562
-83.251953, -107.177734, 573.242188
-123.779297, 62.011719, 664.062500
-37.353516, 176.269531, 1125.000000
69.824219, 188.476562, 1150.390625
168.945312, 308.593750, 979.980469
145.996094, 91.308594, 1227.539062
217.285156, 271.972656, 1394.042969
184.082031, 55.664062, 1396.484375
285.644531, 229.492188, 1331.542969
176.269531, 149.414062, 1154.785156
70.800781, 44.921875, 1057.617188
24.902344, 76.171875, 1220.214844
93.261719, -61.279297, 1352.050781
-123.779297, -110.107422, 1789.550781
-65.185547, 201.171875, 1999.755859
-149.658203, 99.609375, 1397.949219
-55.419922, 55.175781, 877.929688
-87.646484, -177.490234, 459.472656
180.175781, -71.044922, -60.302734
-,-,-
0.488281, -55.419922, 886.718750
-29.052734, 103.515625, 845.703125
-157.958984, -60.791016, 884.765625
-233.154297, 60.058594, 701.171875
-244.873047, 55.664062, 591.796875
-290.283203, 101.562500, 520.019531
-166.259766, 181.152344, 423.828125
-19.775391, 188.476562, 755.371094
15.625000, 391.601562, 1250.488281
-54.931641, 203.125000, 1624.023438
270.507812, 317.382812, 852.539062
207.031250, 285.156250, 1011.230469
196.777344, 240.234375, 1356.933594
98.632812, 211.425781, 1530.761719
76.660156, 127.929688, 1153.320312
84.960938, 253.906250, 1102.539062
43.945312, 251.953125, 1053.710938
-45.166016, 209.472656, 1229.492188
26.855469, 272.460938, 1212.890625
-100.341797, 212.890625, 1354.003906
-29.052734, 200.195312, 1511.718750
-289.794922, -27.587891, 1910.156250
-43.212891, 254.882812, 1223.144531
57.128906, 227.539062, 728.515625
84.960938, 268.554688, 779.296875
218.261719, 372.070312, 535.156250
-,-,-
148.437500, -177.001953, 1201.171875
57.128906, -201.904297, 875.976562
213.867188, 14.648438, 1159.179688
79.101562, -111.083984, 850.585938
38.574219, -38.330078, 517.578125
1.953125, -69.091797, 498.046875
-253.173828, -138.427734, 441.406250
-222.412109, 44.921875, 386.230469
-227.783203, 41.015625, 472.656250
-178.955078, 56.640625, 687.500000
37.109375, 374.023438, 1187.500000
42.968750, 12.695312, 1550.781250
174.804688, 200.195312, 1515.625000
248.535156, 404.296875, 1370.605469
151.855469, 84.960938, 1036.132812
55.175781, 33.691406, 1112.792969
37.597656, 68.359375, 1264.160156
88.378906, 240.234375, 1279.296875
127.441406, 308.593750, 1233.398438
32.226562, 127.929688, 1162.109375
-37.353516, 165.039062, 1108.398438
-71.533203, 45.898438, 1142.578125
-96.923828, 126.953125, 1345.703125
-75.927734, -24.658203, 1562.988281
-187.255859, -30.029297, 1760.742188
-0.732422, 247.070312, 1580.078125
58.105469, 336.914062, 1052.734375
160.644531, 284.179688, 539.550781
199.218750, 167.968750, 319.824219
-,-,-
0.488281, -137.451172, 1033.203125
7.812500, -35.888672, 890.625000
-90.576172, -214.599609, 1003.417969
-107.666016, 20.507812, 920.898438
-212.646484, -48.583984, 580.078125
-281.494141, 71.289062, 456.542969
-280.029297, -12.451172, 236.328125
-282.958984, -88.623047, 383.789062
-69.091797, 261.718750, 695.800781
-16.357422, 264.648438, 1203.125000
132.324219, 548.828125, 1651.367188
-39.306641, 90.332031, 1730.468750
39.062500, 79.101562, 1355.957031
217.285156, 163.085938, 1198.730469
162.109375, 134.765625, 1330.566406
92.285156, 196.289062, 1134.277344
71.777344, 147.460938, 1038.085938
13.183594, 184.082031, 1126.953125
24.414062, 186.523438, 1152.832031
-42.724609, 134.765625, 1400.390625
25.878906, 168.945312, 1327.148438
-43.701172, 120.117188, 1594.238281
31.738281, 91.308594, 1491.210938
-52.490234, 127.929688, 1734.375000
76.660156, 227.539062, 1147.460938
211.425781, 175.781250, 84.472656
-,-,-
67.382812, -54.443359, 925.781250
41.992188, -199.951172, 983.398438
17.089844, -93.505859, 906.250000
130.859375, -63.232422, 764.160156
69.824219, -131.591797, 858.398438
56.152344, 110.351562, 870.605469
-66.162109, 11.718750, 568.847656
-155.517578, 70.312500, 300.781250
-79.345703, 251.953125, 489.257812
-51.025391, 178.710938, 546.386719
-134.033203, 62.011719, 1393.066406
-46.630859, 151.367188, 1521.972656
164.550781, 93.750000, 1565.917969
278.808594, 150.878906, 1447.265625
289.550781, 177.734375, 1318.359375
284.667969, 261.718750, 1274.414062
196.777344, 187.500000, 1045.410156
134.765625, 194.335938, 1112.792969
23.925781, 116.210938, 1348.632812
25.878906, 210.937500, 1265.625000
-57.861328, 121.582031, 1700.683594
-154.052734, -9.521484, 1675.292969
-59.326172, 15.625000, 1704.589844
-93.994141, 72.265625, 1422.851562
150.878906, 145.507812, 268.554688
254.394531, 145.996094, 168.945312
-,-,-
-121.337891, -354.248047, 878.906250
128.906250, 236.328125, 805.175781
-2.685547, 66.406250, 752.929688
-232.666016, -29.541016, 530.273438
-197.509766, 50.781250, 506.835938
-385.009766, -36.865234, 439.453125
-229.736328, 119.140625, 682.617188
-47.607422, 208.007812, 831.542969
170.410156, 356.445312, 1073.242188
207.031250, 249.511719, 1213.867188
320.800781, 367.675781, 1512.695312
161.132812, 41.015625, 1336.914062
103.027344, 4.394531, 1451.171875
128.417969, 64.453125, 1323.730469
45.410156, -30.517578, 1228.515625
49.316406, 128.906250, 1046.386719
50.781250, 113.281250, 1017.578125
-11.474609, 130.859375, 947.265625
2.441406, 146.484375, 1035.156250
-72.021484, 36.132812, 1112.304688
-46.142578, 58.593750, 1519.531250
-111.083984, -26.123047, 1822.265625
-91.064453, 3.906250, 1897.949219
87.402344, 199.218750, 1375.488281
150.878906, 170.898438, 1297.851562
330.566406, 301.757812, 438.964844
349.609375, 221.679688, 353.515625
355.957031, 118.652344, 381.835938
-,-,-
-135.986328, -52.490234, 921.875000
-18.310547, -63.720703, 892.089844
-206.787109, -319.091797, 669.433594
-110.107422, -129.638672, 786.132812
-188.232422, -75.927734, 768.554688
-196.533203, 102.539062, 518.554688
-124.755859, 9.765625, 561.523438
-160.888672, 144.531250, 464.843750
-16.357422, 41.015625, 893.066406
43.457031, 184.570312, 1417.480469
-29.052734, 28.320312, 1653.808594
-36.376953, 17.578125, 1422.851562
60.058594, 98.632812, 1253.906250
27.832031, 100.585938, 1004.882812
29.296875, 54.687500, 954.101562
1.953125, 42.968750, 1146.484375
34.179688, 64.453125, 1159.179688
59.570312, 81.054688, 1084.960938
114.746094, 207.031250, 1181.640625
-3.662109, 40.039062, 1242.675781
64.453125, 65.429688, 1354.003906
-76.904297, 9.765625, 1518.554688
-0.244141, 49.804688, 1393.066406
64.941406, 69.335938, 1455.566406
35.156250, 55.664062, 1283.691406
125.488281, 60.546875, 1004.394531
123.046875, 111.328125, 960.449219
169.433594, 64.453125, 836.914062
265.625000, 163.085938, 697.753906
151.367188, -8.544922, 712.890625
-,-,-
16.601562, -68.115234, 945.312500
-89.111328, -159.912109, 881.835938
-158.935547, -162.841797, 781.738281
-202.880859, -88.134766, 560.546875
-254.638672, -17.333984, 459.472656
-122.314453, -37.841797, 353.515625
-112.060547, -40.771484, 511.718750
-57.861328, 62.500000, 1100.585938
115.234375, 214.355469, 1414.062500
78.125000, 82.031250, 1321.289062
225.585938, 207.031250, 1038.085938
146.972656, 37.109375, 1243.164062
142.578125, 100.585938, 1204.101562
140.136719, 4.882812, 1077.148438
171.386719, 112.304688, 1189.453125
187.988281, 147.460938, 1234.375000
151.855469, 90.820312, 1156.738281
127.441406, 84.960938, 1108.886719
158.691406, 115.234375, 1061.523438
41.015625, 44.921875, 1256.835938
63.964844, 50.781250, 1224.609375
8.789062, 48.828125, 1439.941406
67.382812, 58.593750, 1467.773438
56.640625, 64.453125, 1434.570312
136.718750, 84.960938, 1391.113281
139.160156, 130.859375, 1342.773438
136.718750, 43.945312, 952.636719
335.449219, 228.515625, 630.371094
266.113281, -1.220703, 747.070312
194.335938, -76.904297, 381.835938
-,-,-
-170.654297, -338.134766, 1019.531250
-16.845703, -139.404297, 1026.855469
-189.208984, -292.724609, 1056.640625
-145.751953, -222.412109, 671.875000
-229.736328, -169.677734, 477.050781
-253.662109, -119.384766, 295.898438
-314.208984, -142.333984, 696.777344
-174.072266, -42.724609, 483.398438
40.527344, 318.359375, 1215.332031
-6.591797, -12.451172, 1219.238281
-71.533203, -48.583984, 1166.992188
113.281250, 0.976562, 1427.734375
151.855469, 19.531250, 1078.125000
183.593750, 38.085938, 1322.265625
105.468750, 4.882812, 971.679688
223.144531, 144.531250, 974.609375
182.617188, 22.460938, 1144.531250
211.914062, 108.398438, 1223.144531
178.222656, 97.656250, 1247.070312
245.605469, 156.250000, 1243.164062
127.929688, 60.058594, 1321.289062
157.226562, 30.761719, 1384.765625
158.691406, 122.558594, 1468.750000
102.539062, 13.671875, 1422.363281
139.160156, 116.210938, 1086.914062
134.765625, 60.058594, 1324.707031
146.972656, -7.568359, 891.601562
223.144531, 72.265625, 706.054688
-,-,-
-180.419922, -367.919922, 1076.171875
4.882812, 173.828125, 888.671875
56.152344, 76.171875, 996.093750
-94.482422, -96.435547, 836.914062
-32.470703, 128.906250, 769.531250
-170.654297, 49.804688, 605.468750
-301.025391, 11.718750, 504.882812
-285.888672, 29.296875, 602.539062
-304.931641, 41.992188, 664.062500
-30.029297, 311.523438, 969.726562
16.601562, 324.218750, 1300.781250
99.609375, 351.562500, 1233.398438
113.769531, 142.578125, 1335.937500
-26.611328, 96.679688, 1238.769531
-24.658203, 73.242188, 1010.742188
74.218750, 197.265625, 1418.457031
-110.107422, 168.945312, 1176.269531
-72.998047, 112.304688, 1095.703125
-29.052734, 215.820312, 1199.707031
-138.916016, 134.765625, 1029.296875
24.902344, 188.476562, 1447.265625
-216.064453, 128.906250, 1465.820312
9.765625, 77.148438, 1302.734375
21.484375, 265.625000, 1447.265625
102.050781, 144.531250, 1215.820312
353.027344, 337.890625, 767.089844
423.828125, 333.496094, 1137.695312
345.703125, 190.429688, 668.457031
-,-,-
94.238281, -142.333984, 1024.902344
0.000000, -162.841797, 987.304688
71.289062, -43.701172, 1081.054688
-105.224609, -197.021484, 841.796875
-94.970703, 9.765625, 671.875000
-158.935547, 58.593750, 520.996094
-183.837891, -55.419922, 244.140625
-144.287109, 213.867188, 471.191406
-162.841797, 115.234375, 969.726562
-75.439453, 298.828125, 957.519531
-117.919922, 67.382812, 1318.359375
26.855469, 202.148438, 1400.390625
-5.126953, 43.945312, 1537.109375
54.199219, 87.890625, 1476.562500
149.414062, 269.531250, 1442.382812
19.042969, 53.710938, 1282.714844
-29.052734, 46.875000, 992.187500
-27.587891, 157.226562, 997.558594
-107.666016, 51.757812, 833.984375
-93.994141, 125.488281, 1021.972656
-47.607422, 125.976562, 1150.390625
-200.927734, 7.812500, 1475.585938
-70.556641, 85.937500, 1534.179688
-92.529297, 68.359375, 1415.527344
-30.029297, 48.828125, 1288.574219
172.363281, 42.968750, 1066.894531
134.277344, 153.808594, 1187.500000
245.117188, 107.421875, 1069.824219
262.207031, 216.796875, 529.296875
436.035156, 194.335938, 527.343750
-,-,-
-135.009766, -325.927734, 937.011719
110.839844, 58.593750, 1055.664062
-131.591797, -328.369141, 900.390625
-29.052734, -18.310547, 775.390625
-114.501953, -104.248047, 657.226562
-163.818359, -19.287109, 552.734375
-236.572266, 17.578125, 458.984375
-267.822266, 46.875000, 685.546875
-200.927734, 181.640625, 744.140625
-195.068359, 91.308594, 1270.507812
-123.779297, 107.421875, 1209.960938
-93.505859, 52.734375, 1312.500000
-24.169922, 21.484375, 1292.968750
62.988281, 138.671875, 1221.191406
96.679688, 109.375000, 1230.468750
157.714844, 240.722656, 1526.855469
56.640625, 133.789062, 1285.644531
29.785156, 63.964844, 903.320312
-71.533203, 53.710938, 957.519531
-116.455078, 38.085938, 1176.269531
-158.447266, 27.832031, 1210.937500
-79.833984, 61.035156, 1237.304688
-38.330078, 115.234375, 1337.890625
-45.166016, -12.451172, 1380.859375
50.292969, 112.304688, 1385.742188
69.335938, 33.203125, 1240.722656
78.613281, 122.558594, 1062.988281
83.496094, -25.146484, 1094.238281
111.816406, -25.634766, 369.628906
280.761719, 175.781250, 366.210938
-,-,-
1.953125, 26.367188, 965.820312
-199.951172, -349.365234, 881.835938
-60.302734, -7.568359, 871.582031
-69.091797, -94.482422, 823.242188
-192.626953, -121.337891, 747.070312
-296.630859, -0.244141, 639.648438
-324.462891, 81.054688, 259.277344
-104.248047, 176.757812, 117.187500
-142.822266, 71.289062, 860.351562
-191.162109, -46.630859, 1357.421875
30.761719, 5.859375, 1333.007812
97.656250, 129.882812, 1567.382812
58.593750, 27.343750, 1525.878906
151.855469, 137.695312, 1244.628906
181.640625, 78.125000, 955.566406
68.847656, 69.335938, 1063.476562
50.292969, 76.171875, 1284.179688
16.601562, 188.476562, 1210.937500
-37.353516, 70.312500, 1000.488281
-26.611328, 150.390625, 1030.273438
-141.845703, 4.882812, 1122.070312
-60.302734, 55.664062, 1210.937500
-24.169922, 122.558594, 1537.109375
41.992188, 0.976562, 1315.429688
134.277344, 141.601562, 1440.917969
162.109375, 39.062500, 1459.472656
117.187500, 53.710938, 861.328125
148.437500, -42.724609, 940.429688
177.246094, -89.599609, 337.890625
122.070312, 4.882812, 423.828125
-,-,-
-192.138672, -475.341797, 881.835938
162.597656, 192.382812, 915.527344
-27.099609, -66.162109, 858.398438
-75.439453, 15.625000, 875.000000
-192.626953, 91.308594, 620.117188
-354.736328, -63.232422, 364.257812
-254.150391, 121.582031, 495.605469
-214.599609, 121.582031, 269.531250
-145.263672, 88.378906, 1433.105469
42.480469, 432.617188, 1535.156250
43.457031, 208.007812, 1181.152344
156.250000, 281.250000, 1216.796875
207.031250, 352.539062, 1314.453125
70.312500, 147.949219, 1070.312500
71.777344, 158.203125, 1293.945312
128.906250, 233.398438, 1368.164062
98.632812, 151.367188, 1240.234375
91.796875, 177.734375, 1134.277344
-89.599609, 77.148438, 1158.203125
-71.044922, 144.531250, 1143.554688
-113.037109, 79.101562, 1411.132812
-94.970703, 111.328125, 1402.343750
-58.837891, 111.328125, 1290.039062
37.597656, 178.710938, 1427.734375
86.425781, 107.421875, 1053.710938
177.246094, 130.859375, 999.511719
301.757812, 125.000000, 889.648438
261.230469, 77.148438, 368.652344
-,-,-
-26.123047, 128.906250, 904.296875
-29.052734, -23.193359, 999.511719
-146.728516, -217.529297, 1034.179688
-34.912109, -0.732422, 928.710938
-68.603516, -136.474609, 949.218750
-84.228516, -10.498047, 821.289062
-118.408203, 90.820312, 695.312500
-190.673828, 47.851562, 448.242188
-174.560547, 76.171875, 428.710938
-242.919922, 35.156250, 924.804688
-73.974609, 203.125000, 919.921875
-65.673828, 131.835938, 1091.796875
40.039062, 151.855469, 1070.312500
38.085938, 12.695312, 1083.984375
-2.685547, 26.367188, 1544.433594
219.726562, 260.742188, 1402.343750
194.335938, 160.156250, 1178.710938
149.902344, 86.425781, 1324.218750
75.195312, 143.554688, 1214.843750
51.269531, 83.007812, 1151.367188
27.343750, 117.187500, 1243.652344
37.597656, 124.023438, 1328.613281
130.371094, 198.242188, 1418.457031
80.078125, 121.582031, 1479.980469
202.636719, 77.148438, 1362.304688
13.671875, -54.443359, 1378.906250
181.640625, 50.781250, 1207.031250
82.519531, 19.531250, 961.914062
81.542969, 41.992188, 978.515625
145.996094, 168.945312, 113.281250
151.367188, 65.429688, -236.083984
-,-,-
21.484375, 79.101562, 971.679688
122.070312, 69.335938, 870.605469
-105.224609, -249.755859, 789.062500
-30.029297, 12.695312, 801.757812
-159.423828, -82.763672, 781.738281
-214.599609, 17.578125, 603.515625
-207.275391, -9.521484, 373.046875
-233.642578, -12.451172, 683.593750
-218.505859, 158.203125, 1046.386719
-57.861328, 247.070312, 1333.496094
-28.076172, 242.675781, 1424.804688
162.109375, 226.562500, 1429.687500
26.367188, -29.541016, 1383.789062
219.238281, 292.968750, 1250.976562
244.140625, 220.703125, 928.710938
151.367188, 146.484375, 943.359375
102.050781, 117.187500, 1102.539062
34.179688, 155.273438, 1038.085938
13.183594, 121.093750, 1140.625000
13.183594, 173.828125, 1228.515625
-13.427734, 162.109375, 1272.460938
-31.982422, 201.171875, 1335.937500
21.972656, 234.375000, 1367.187500
-38.330078, 180.175781, 1313.476562
77.636719, 176.757812, 1315.429688
-25.146484, 79.101562, 1298.828125
185.058594, 213.867188, 1069.335938
108.398438, 44.921875, 902.343750
226.562500, 96.679688, 682.617188
-,-,-
-49.560547, -142.333984, 464.355469
-215.087891, -198.974609, 654.296875
34.179688, 145.507812, 876.953125
-167.724609, -93.505859, 896.484375
-89.599609, 100.585938, 672.363281
-150.146484, 99.609375, 452.148438
-328.857422, 3.906250, 295.898438
-234.130859, 106.445312, 395.019531
-214.599609, 180.664062, 862.304688
-132.568359, 93.750000, 1171.386719
42.968750, 301.757812, 1822.265625
-28.564453, 296.875000, 1514.648438
136.718750, 121.093750, 1203.125000
201.171875, 221.679688, 1105.468750
207.031250, 212.402344, 1141.601562
121.093750, 172.851562, 1224.609375
112.792969, 344.726562, 1228.515625
24.414062, 136.718750, 1022.949219
-21.728516, 159.179688, 1151.367188
-14.892578, 137.695312, 1210.937500
-126.708984, 75.195312, 1523.925781
-8.056641, 181.640625, 1543.457031
25.878906, 95.703125, 1450.195312
45.410156, 185.546875, 1515.625000
105.468750, 150.390625, 1038.085938
83.496094, 113.281250, 862.304688
184.082031, 5.859375, 462.890625
